#  name                  type  M    M    0   5  10  15  20  25  30     A    B   C   D   E   F    W   T   O   M   A
#                              i    a    -   -   -   -   -   -   +                               d   n   p   v   e
#                              n    x    4   9  14  19  24  29                                   s       F   T   T
#                 
None                     GUN   0    0    0   0   0   0   0   0   0     0    0   0   0   0   0    0   0   0   0   0 
U.S._105mm_Gun           GUN   0   30   10  10  10   9   9   7   5    -3   -1   0   0   0   0   -1  -2  -1  -2  -3
U.S._120mm_Gun           GUN   0   32   10  10  10  10   9   8   6    -2   -1   0   0   0   0   -1  -2  -1  -1  -3
U.S._12.7mm_MG           GUN   0   13   10   8   6   0   0   0   0   -10  -10  -8  -7  -2  -1   -1  -2  -2  -1  -1  	
U.S._20mm_Cannon         GUN   0   20   10  10  10   8   6   0   0    -6   -5  -3  -2  -2   0   -1  -2  -1   0  -1  	
U.S._25mm_Cannon         GUN   0   22   10  10   9   8   7   0   0    -8   -7  -2  -1  -1   0   -2  -2  -1  -1  -2  	
U.S._RGL                 GUN   0    3    9   0   0   0   0   0   0   -10   -9  -7  -5  -2  -2   -2  -2  -2  -2  -5  	
U.S._7.62mm_MG           GUN   0    8   10   7   0   0   0   0   0   -10  -10  -9  -8  -2  -2   -2  -3  -2  -2  -2  
U.S._30mm_Cannon1        GUN   0   20   10  10  10   9   7   0   0    -6   -5  -3  -1  -1   0   -1  -2  -1   0  -1  
U.S._30mm_Cannon2        GUN   0   20   10  10   9   8   6   0   0    -6   -5  -3  -2  -2   0   -1  -2  -1  -1  -2  	
U.S._6x23mm_Cannon       GUN   0   16   10   9   8   7   0   0   0    -8   -6  -3  -1   0   0   -1  -1  -2  -2   0
U.S._M-16_AR             GUN   0    3    9   0   0   0   0   0   0   -10  -10  -9  -6  -2  -2   -3  -4  -1  -2   0  
U.S._M72_LAW            ATGM   0    3    9   0   0   0   0   0   0    -9   -7  -5  -4  -2  -1   -2  -2  -1  -2  -3  
U.S._Dragon_ATGM        ATGM   0   10    8   9   9   0   0   0   0    -4   -3  -2  -1   0   0   -3  -2  -1  -1  -4  
U.S._ECAS_Rockets     ROCKET   4   40    0   9  10  10  10   9   9    -4   -3  -2  -1   0   0   -1  -2  -2   0   0  
U.S._Minigun_MG          GUN   0   10   10   9   7   0   0   0   0    -9   -9  -6  -4  -1   0   -1  -3  -1  -1  -2  
U.S._TOW_ATGM           ATGM   1   37    8  10  10  10  10   9   8    -3   -1   0   0   0   0   -3  -2  -1  -1  -4  	
U.S._Toger_ATGM         ATGM   1   45    8  10  10  10  10  10   9    -2   -1   0   0   0   0   -2  -2  -1  -1  -4  	
U.S._Hellfire_ATGM      ATGM   1   50    9  10  10  10  10  10   9    -2   -1   0   0   0   0   -2  -2  -1   0  -4  
U.S._Hellfire_POST_ATGM ATGM   1   50    9  10  10  10  10  10  10    -2   -1   0   0   0   0   -1  -2  -1   0  -3  
U.S._ADSM_AA-ATGM       ATGM   1   50   10  10  10  10  10  10  10     0   -6  -4  -2  -1   0   -2  -2  -1   0   0  
U.S._Stinger_POST_AAM   ATGM   1   50   10  10  10  10  10   9   9     0    0   0  -2  -1   0    0   0  -1   0   0  
U.S._Stinger_AAM        ATGM   1   39   10  10  10  10   9   8   8     0    0   0  -3  -2   0    0   0  -1   0   0  
Soviet_125mm_Gun         GUN   0   30   10  10  10   9   8   6   4    -2   -1   0   0   0   0    0  -1  -2  -3  -3
Soviet_12.7mm_MG         GUN   0   13   10   8   6   0   0   0   0   -10  -10  -8  -7  -2  -1   -1  -2  -2  -1  -1 
Soviet_73mm_Gun          GUN   0   13   10   8   6   0   0   0   0    -6   -4  -2  -1   0   0   -2  -2  -2  -3  -7  	
Soviet_Sagger_ATGM      ATGM   5   30    0   9   9   9   9   8   8    -3   -2   0   0   0   0   -4  -2  -2  -2  -5  
Soviet_AT-5_ATGM        ATGM   1   30   10  10  10  10   9   9   8    -3   -2   0   0   0   0   -3  -2  -1  -1  -4  
Soviet_RPG16_LAW        ATGM   0    8   10   8   0   0   0   0   0    -6   -5  -3  -2   0   0   -1  -1  -1  -1  -3  
Soviet_57mm_Rockets   ROCKET   5   30    0   8  10  10  10   9   9    -6   -4  -3  -2  -1   0   -1  -2  -3   0   0  
Soviet_23mm_Cannon       GUN   0   20   10  10   9   8   6   0   0    -8   -7  -4  -3  -1   0   -1  -2  -1   0  -1  	
Soviet_7.62mm_MG         GUN   0    8   10   7   0   0   0   0   0   -10  -10  -9  -8  -2  -2   -2  -3  -2  -2  -2  
Soviet_14.5mm_MG         GUN   0   13   10   8   6   0   0   0   0   -10   -9  -5  -4  -2   0   -1  -2  -1  -1  -1  
Soviet_4x23mm_Cannon     GUN   0   25   10  10   8   7   7   6   0    -8   -6  -4  -3  -1   0   -2  -2  -1  -2   0  	
Soviet_30mm_Cannon       GUN   0   20   10  10   9   7   5   0   0    -8   -7  -3  -2   0   0   -1  -2  -2  -1  -2  	
Soviet_115mm_Gun         GUN   0   30   10  10   8   5   3   2   1    -3   -1   0   0   0   0   -1  -1  -2  -4  -4  	
Soviet_30mm_GL           GUN   0   15   10   9   7   5   0   0   0    -9   -7  -3  -2  -1   0   -1  -3  -2  -1  -3  
Soviet_AKS_AR            GUN   0    3    9   0   0   0   0   0   0   -10  -10  -9  -6  -2  -2   -3  -4  -1  -2   0  
Soviet_RPG18_LAW        ATGM   0    3    9   0   0   0   0   0   0    -9   -7  -5  -4  -2  -1   -2  -2  -1  -2  -3  
Soviet_SA-7_SAM          SAM   2   35    8  10  10   9   8   7   7     0    0   0  -3  -2   0    0   0  -2   0   0  
Soviet_SA-9_SAM          SAM   1   70    8  10  10  10  10   9   8     0    0   0  -1   0   0    0   0  -1   0   0  
Soviet_SA-14_SAM         SAM   3   60    4   8  10  10  10   9   9     0    0   0  -1   0   0    0   0  -1   0   0  
Soviet_SA-13_SAM         SAM   1   80    8  10  10  10  10  10   9     0    0   0   0   0   0    0   0   0   0   0  
U.K._76mm_MG             GUN   0   30   10  10   9   8   6   4   3    -5   -4  -2   0   0   0   -1  -2  -1  -2  -4  
U.K._90mm_MG             GUN   0   30   10  10  10   9   8   6   4    -4   -3  -1   0   0   0   -1  -2  -2  -1  -3  
U.K._L1A1_AR             GUN   0    6    9   6   0   0   0   0   0   -10  -10  -9  -6  -2  -2   -3  -4  -1  -2   0  
U.K._Swingfire_ATGM     ATGM   2   40    7   9   9   9   9   8   8    -3   -2  -1   0   0   0   -3  -2  -1  -1  -4  	
U.K._Javelin_AAM        ATGM   1   40   10  10  10  10  10   9   9    -8   -5  -3  -2  -1   0   -3  -2  -1   0   0  
U.K._30mm_Cannon         GUN   0   25   10  10   9   8   6   5   0    -8   -7  -3  -1   0   0   -1  -2  -1  -1  -2  	
U.K._W.G._Milan_ATGM    ATGM   1   20   10  10  10   9   8   0   0    -4   -3  -2  -1   0   0   -2  -2  -1  -1  -4  	
W.G._90mm_MG             GUN   0   20   10   9   9   7   6   0   0    -4   -3  -1   0   0   0   -1  -2  -2  -3  -5  
W.G._HKG3_AR             GUN   0    4    9   0   0   0   0   0   0   -10  -10  -9  -6  -2  -2   -3  -4  -1  -2   0  
W.G._PZF44_LAW          ATGM   0    4   10   0   0   0   0   0   0    -7   -5  -4  -3  -1   0   -3  -2  -1  -1  -3  
W.G._20mm_Cannon         GUN   0   16   10  10   7   7   0   0   0    -9   -7  -3  -2   0   0   -2  -2  -1  -1  -2  	