866.025404, 0.000000, 0.000000
952.627944, 50.000000, 0.000000
1039.230484, 0.000000, 0.000000
1125.833025, 50.000000, 0.000000
1212.435565, 0.000000, 0.000000
1299.038105, 50.000000, 0.000000
1385.640646, 0.000000, 0.000000
1472.243186, 50.000000, 0.000000
1558.845727, 0.000000, 0.000000
1645.448267, 50.000000, 0.000000
1732.050807, 0.000000, -20.000000
1818.653348, 50.000000, 0.000000
1905.255888, 0.000000, 0.000000
1991.858428, 50.000000, 0.000000
2078.460969, 0.000000, 0.000000
2165.063509, 50.000000, 0.000000
2251.666049, 0.000000, 0.000000
2338.268590, 50.000000, 0.000000
2424.871130, 0.000000, 0.000000
2511.473671, 50.000000, 0.000000
2598.076211, 0.000000, 0.000000
2684.678751, 50.000000, 0.000000
2771.281292, 0.000000, 0.000000
2857.883832, 50.000000, 0.000000
2944.486372, 0.000000, -20.000000
3031.088913, 50.000000, 0.000000
3117.691453, 0.000000, 0.000000
3204.293993, 50.000000, 0.000000
3290.896534, 0.000000, 0.000000
3377.499074, 50.000000, 0.000000
3464.101615, 0.000000, 0.000000
3550.704155, 50.000000, 0.000000
3637.306695, 0.000000, 0.000000
3723.909236, 50.000000, 0.000000
3810.511776, 0.000000, 0.000000
3897.114316, 50.000000, 0.000000
3983.716857, 0.000000, 0.000000
4070.319397, 50.000000, 0.000000
4156.921937, 0.000000, 50.000000
866.025404, 100.000000, 0.000000
952.627944, 150.000000, 0.000000
1039.230484, 100.000000, 0.000000
1125.833025, 150.000000, 0.000000
1212.435565, 100.000000, 0.000000
1299.038105, 150.000000, 0.000000
1385.640646, 100.000000, 0.000000
1472.243186, 150.000000, 0.000000
1558.845727, 100.000000, -20.000000
1645.448267, 150.000000, -20.000000
1732.050807, 100.000000, 10.000000
1818.653348, 150.000000, -20.000000
1905.255888, 100.000000, -20.000000
1991.858428, 150.000000, 0.000000
2078.460969, 100.000000, 0.000000
2165.063509, 150.000000, 0.000000
2251.666049, 100.000000, -20.000000
2338.268590, 150.000000, -20.000000
2424.871130, 100.000000, -20.000000
2511.473671, 150.000000, 0.000000
2598.076211, 100.000000, 0.000000
2684.678751, 150.000000, 0.000000
2771.281292, 100.000000, 0.000000
2857.883832, 150.000000, -20.000000
2944.486372, 100.000000, 0.000000
3031.088913, 150.000000, 0.000000
3117.691453, 100.000000, 0.000000
3204.293993, 150.000000, 0.000000
3290.896534, 100.000000, 0.000000
3377.499074, 150.000000, 0.000000
3464.101615, 100.000000, 0.000000
3550.704155, 150.000000, 0.000000
3637.306695, 100.000000, 0.000000
3723.909236, 150.000000, 0.000000
3810.511776, 100.000000, 10.000000
3897.114316, 150.000000, 10.000000
3983.716857, 100.000000, 40.000000
4070.319397, 150.000000, 50.000000
4156.921937, 100.000000, 0.000000
866.025404, 200.000000, 0.000000
952.627944, 250.000000, 0.000000
1039.230484, 200.000000, 0.000000
1125.833025, 250.000000, 0.000000
1212.435565, 200.000000, 0.000000
1299.038105, 250.000000, 0.000000
1385.640646, 200.000000, -20.000000
1472.243186, 250.000000, -20.000000
1558.845727, 200.000000, 20.000000
1645.448267, 250.000000, 10.000000
1732.050807, 200.000000, 20.000000
1818.653348, 250.000000, 10.000000
1905.255888, 200.000000, 10.000000
1991.858428, 250.000000, -20.000000
2078.460969, 200.000000, -20.000000
2165.063509, 250.000000, -20.000000
2251.666049, 200.000000, 10.000000
2338.268590, 250.000000, 0.000000
2424.871130, 200.000000, 0.000000
2511.473671, 250.000000, 0.000000
2598.076211, 200.000000, 0.000000
2684.678751, 250.000000, 0.000000
2771.281292, 200.000000, 10.000000
2857.883832, 250.000000, -20.000000
2944.486372, 200.000000, 0.000000
3031.088913, 250.000000, 0.000000
3117.691453, 200.000000, 0.000000
3204.293993, 250.000000, 0.000000
3290.896534, 200.000000, 0.000000
3377.499074, 250.000000, 0.000000
3464.101615, 200.000000, 10.000000
3550.704155, 250.000000, 10.000000
3637.306695, 200.000000, 10.000000
3723.909236, 250.000000, 10.000000
3810.511776, 200.000000, 30.000000
3897.114316, 250.000000, 30.000000
3983.716857, 200.000000, 0.000000
4070.319397, 250.000000, 0.000000
4156.921937, 200.000000, 0.000000
866.025404, 300.000000, 0.000000
952.627944, 350.000000, 0.000000
1039.230484, 300.000000, 0.000000
1125.833025, 350.000000, 0.000000
1212.435565, 300.000000, 0.000000
1299.038105, 350.000000, -20.000000
1385.640646, 300.000000, 20.000000
1472.243186, 350.000000, 20.000000
1558.845727, 300.000000, 20.000000
1645.448267, 350.000000, 20.000000
1732.050807, 300.000000, 30.000000
1818.653348, 350.000000, 20.000000
1905.255888, 300.000000, 20.000000
1991.858428, 350.000000, 10.000000
2078.460969, 300.000000, 0.000000
2165.063509, 350.000000, 0.000000
2251.666049, 300.000000, 0.000000
2338.268590, 350.000000, 0.000000
2424.871130, 300.000000, 10.000000
2511.473671, 350.000000, 10.000000
2598.076211, 300.000000, 0.000000
2684.678751, 350.000000, 0.000000
2771.281292, 300.000000, 10.000000
2857.883832, 350.000000, -20.000000
2944.486372, 300.000000, 0.000000
3031.088913, 350.000000, 0.000000
3117.691453, 300.000000, 10.000000
3204.293993, 350.000000, 0.000000
3290.896534, 300.000000, 10.000000
3377.499074, 350.000000, 10.000000
3464.101615, 300.000000, 10.000000
3550.704155, 350.000000, 10.000000
3637.306695, 300.000000, 10.000000
3723.909236, 350.000000, 10.000000
3810.511776, 300.000000, 30.000000
3897.114316, 350.000000, 0.000000
3983.716857, 300.000000, 0.000000
4070.319397, 350.000000, 0.000000
4156.921937, 300.000000, 0.000000
866.025404, 400.000000, 0.000000
952.627944, 450.000000, 0.000000
1039.230484, 400.000000, 0.000000
1125.833025, 450.000000, 0.000000
1212.435565, 400.000000, -20.000000
1299.038105, 450.000000, -20.000000
1385.640646, 400.000000, 30.000000
1472.243186, 450.000000, 30.000000
1558.845727, 400.000000, 40.000000
1645.448267, 450.000000, 40.000000
1732.050807, 400.000000, 50.000000
1818.653348, 450.000000, 40.000000
1905.255888, 400.000000, 40.000000
1991.858428, 450.000000, 0.000000
2078.460969, 400.000000, 0.000000
2165.063509, 450.000000, 0.000000
2251.666049, 400.000000, 10.000000
2338.268590, 450.000000, 10.000000
2424.871130, 400.000000, 0.000000
2511.473671, 450.000000, 0.000000
2598.076211, 400.000000, 10.000000
2684.678751, 450.000000, 10.000000
2771.281292, 400.000000, 10.000000
2857.883832, 450.000000, -20.000000
2944.486372, 400.000000, 10.000000
3031.088913, 450.000000, 10.000000
3117.691453, 400.000000, 10.000000
3204.293993, 450.000000, 10.000000
3290.896534, 400.000000, 10.000000
3377.499074, 450.000000, 10.000000
3464.101615, 400.000000, 0.000000
3550.704155, 450.000000, 0.000000
3637.306695, 400.000000, 0.000000
3723.909236, 450.000000, 20.000000
3810.511776, 400.000000, 40.000000
3897.114316, 450.000000, 0.000000
3983.716857, 400.000000, 0.000000
4070.319397, 450.000000, 0.000000
4156.921937, 400.000000, 0.000000
866.025404, 500.000000, 0.000000
952.627944, 550.000000, 0.000000
1039.230484, 500.000000, 0.000000
1125.833025, 550.000000, -20.000000
1212.435565, 500.000000, 20.000000
1299.038105, 550.000000, 30.000000
1385.640646, 500.000000, 30.000000
1472.243186, 550.000000, 30.000000
1558.845727, 500.000000, 50.000000
1645.448267, 550.000000, 60.000000
1732.050807, 500.000000, 60.000000
1818.653348, 550.000000, 60.000000
1905.255888, 500.000000, 50.000000
1991.858428, 550.000000, 0.000000
2078.460969, 500.000000, 30.000000
2165.063509, 550.000000, 10.000000
2251.666049, 500.000000, 0.000000
2338.268590, 550.000000, 0.000000
2424.871130, 500.000000, 0.000000
2511.473671, 550.000000, 0.000000
2598.076211, 500.000000, 10.000000
2684.678751, 550.000000, 10.000000
2771.281292, 500.000000, 10.000000
2857.883832, 550.000000, -20.000000
2944.486372, 500.000000, 10.000000
3031.088913, 550.000000, 10.000000
3117.691453, 500.000000, 0.000000
3204.293993, 550.000000, 0.000000
3290.896534, 500.000000, 10.000000
3377.499074, 550.000000, 0.000000
3464.101615, 500.000000, 10.000000
3550.704155, 550.000000, 10.000000
3637.306695, 500.000000, 10.000000
3723.909236, 550.000000, 20.000000
3810.511776, 500.000000, 0.000000
3897.114316, 550.000000, 0.000000
3983.716857, 500.000000, 0.000000
4070.319397, 550.000000, 0.000000
4156.921937, 500.000000, 0.000000
866.025404, 600.000000, 0.000000
952.627944, 650.000000, 0.000000
1039.230484, 600.000000, 10.000000
1125.833025, 650.000000, -20.000000
1212.435565, 600.000000, 0.000000
1299.038105, 650.000000, 20.000000
1385.640646, 600.000000, 30.000000
1472.243186, 650.000000, 30.000000
1558.845727, 600.000000, 30.000000
1645.448267, 650.000000, 60.000000
1732.050807, 600.000000, 40.000000
1818.653348, 650.000000, 60.000000
1905.255888, 600.000000, 50.000000
1991.858428, 650.000000, 40.000000
2078.460969, 600.000000, 40.000000
2165.063509, 650.000000, 0.000000
2251.666049, 600.000000, 20.000000
2338.268590, 650.000000, 0.000000
2424.871130, 600.000000, 10.000000
2511.473671, 650.000000, 10.000000
2598.076211, 600.000000, 10.000000
2684.678751, 650.000000, 10.000000
2771.281292, 600.000000, 10.000000
2857.883832, 650.000000, -20.000000
2944.486372, 600.000000, 10.000000
3031.088913, 650.000000, 0.000000
3117.691453, 600.000000, 20.000000
3204.293993, 650.000000, 20.000000
3290.896534, 600.000000, 0.000000
3377.499074, 650.000000, 10.000000
3464.101615, 600.000000, 0.000000
3550.704155, 650.000000, 0.000000
3637.306695, 600.000000, 0.000000
3723.909236, 650.000000, 0.000000
3810.511776, 600.000000, 0.000000
3897.114316, 650.000000, 0.000000
3983.716857, 600.000000, 0.000000
4070.319397, 650.000000, 0.000000
4156.921937, 600.000000, 0.000000
866.025404, 700.000000, 0.000000
952.627944, 750.000000, 0.000000
1039.230484, 700.000000, -20.000000
1125.833025, 750.000000, -20.000000
1212.435565, 700.000000, 10.000000
1299.038105, 750.000000, 20.000000
1385.640646, 700.000000, 20.000000
1472.243186, 750.000000, 20.000000
1558.845727, 700.000000, 20.000000
1645.448267, 750.000000, 30.000000
1732.050807, 700.000000, 20.000000
1818.653348, 750.000000, 30.000000
1905.255888, 700.000000, 30.000000
1991.858428, 750.000000, 40.000000
2078.460969, 700.000000, 50.000000
2165.063509, 750.000000, 40.000000
2251.666049, 700.000000, 30.000000
2338.268590, 750.000000, 20.000000
2424.871130, 700.000000, 20.000000
2511.473671, 750.000000, 10.000000
2598.076211, 700.000000, 20.000000
2684.678751, 750.000000, 20.000000
2771.281292, 700.000000, 20.000000
2857.883832, 750.000000, -20.000000
2944.486372, 700.000000, -20.000000
3031.088913, 750.000000, 30.000000
3117.691453, 700.000000, 40.000000
3204.293993, 750.000000, 20.000000
3290.896534, 700.000000, 0.000000
3377.499074, 750.000000, 0.000000
3464.101615, 700.000000, 0.000000
3550.704155, 750.000000, 0.000000
3637.306695, 700.000000, 0.000000
3723.909236, 750.000000, 0.000000
3810.511776, 700.000000, 0.000000
3897.114316, 750.000000, 0.000000
3983.716857, 700.000000, 0.000000
4070.319397, 750.000000, 0.000000
4156.921937, 700.000000, 0.000000
866.025404, 800.000000, -20.000000
952.627944, 850.000000, 0.000000
1039.230484, 800.000000, -20.000000
1125.833025, 850.000000, 0.000000
1212.435565, 800.000000, 0.000000
1299.038105, 850.000000, 10.000000
1385.640646, 800.000000, 10.000000
1472.243186, 850.000000, 20.000000
1558.845727, 800.000000, 10.000000
1645.448267, 850.000000, 10.000000
1732.050807, 800.000000, 10.000000
1818.653348, 850.000000, 20.000000
1905.255888, 800.000000, 20.000000
1991.858428, 850.000000, 30.000000
2078.460969, 800.000000, 40.000000
2165.063509, 850.000000, 50.000000
2251.666049, 800.000000, 40.000000
2338.268590, 850.000000, 30.000000
2424.871130, 800.000000, 30.000000
2511.473671, 850.000000, 20.000000
2598.076211, 800.000000, 30.000000
2684.678751, 850.000000, 30.000000
2771.281292, 800.000000, 40.000000
2857.883832, 850.000000, 40.000000
2944.486372, 800.000000, 50.000000
3031.088913, 850.000000, -20.000000
3117.691453, 800.000000, -20.000000
3204.293993, 850.000000, 0.000000
3290.896534, 800.000000, 0.000000
3377.499074, 850.000000, 0.000000
3464.101615, 800.000000, 0.000000
3550.704155, 850.000000, 0.000000
3637.306695, 800.000000, 0.000000
3723.909236, 850.000000, 0.000000
3810.511776, 800.000000, 0.000000
3897.114316, 850.000000, 0.000000
3983.716857, 800.000000, 0.000000
4070.319397, 850.000000, 0.000000
4156.921937, 800.000000, 0.000000
866.025404, 900.000000, 10.000000
952.627944, 950.000000, -20.000000
1039.230484, 900.000000, -20.000000
1125.833025, 950.000000, 0.000000
1212.435565, 900.000000, 0.000000
1299.038105, 950.000000, -20.000000
1385.640646, 900.000000, 0.000000
1472.243186, 950.000000, 0.000000
1558.845727, 900.000000, 0.000000
1645.448267, 950.000000, 10.000000
1732.050807, 900.000000, 20.000000
1818.653348, 950.000000, 10.000000
1905.255888, 900.000000, 10.000000
1991.858428, 950.000000, 30.000000
2078.460969, 900.000000, 30.000000
2165.063509, 950.000000, 50.000000
2251.666049, 900.000000, 50.000000
2338.268590, 950.000000, 40.000000
2424.871130, 900.000000, 30.000000
2511.473671, 950.000000, 30.000000
2598.076211, 900.000000, 40.000000
2684.678751, 950.000000, 40.000000
2771.281292, 900.000000, 50.000000
2857.883832, 950.000000, 50.000000
2944.486372, 900.000000, 50.000000
3031.088913, 950.000000, 50.000000
3117.691453, 900.000000, 50.000000
3204.293993, 950.000000, -20.000000
3290.896534, 900.000000, -20.000000
3377.499074, 950.000000, 0.000000
3464.101615, 900.000000, 0.000000
3550.704155, 950.000000, 0.000000
3637.306695, 900.000000, 0.000000
3723.909236, 950.000000, 0.000000
3810.511776, 900.000000, 0.000000
3897.114316, 950.000000, 0.000000
3983.716857, 900.000000, 0.000000
4070.319397, 950.000000, 0.000000
4156.921937, 900.000000, 0.000000
866.025404, 1000.000000, 10.000000
952.627944, 1050.000000, 10.000000
1039.230484, 1000.000000, 0.000000
1125.833025, 1050.000000, -20.000000
1212.435565, 1000.000000, -20.000000
1299.038105, 1050.000000, -20.000000
1385.640646, 1000.000000, -20.000000
1472.243186, 1050.000000, 0.000000
1558.845727, 1000.000000, 0.000000
1645.448267, 1050.000000, 0.000000
1732.050807, 1000.000000, 0.000000
1818.653348, 1050.000000, 10.000000
1905.255888, 1000.000000, 10.000000
1991.858428, 1050.000000, 20.000000
2078.460969, 1000.000000, 30.000000
2165.063509, 1050.000000, 40.000000
2251.666049, 1000.000000, 50.000000
2338.268590, 1050.000000, 50.000000
2424.871130, 1000.000000, 50.000000
2511.473671, 1050.000000, 40.000000
2598.076211, 1000.000000, 50.000000
2684.678751, 1050.000000, 50.000000
2771.281292, 1000.000000, 70.000000
2857.883832, 1050.000000, 60.000000
2944.486372, 1000.000000, 50.000000
3031.088913, 1050.000000, 0.000000
3117.691453, 1000.000000, 40.000000
3204.293993, 1050.000000, 50.000000
3290.896534, 1000.000000, 50.000000
3377.499074, 1050.000000, -20.000000
3464.101615, 1000.000000, 0.000000
3550.704155, 1050.000000, 0.000000
3637.306695, 1000.000000, 0.000000
3723.909236, 1050.000000, 0.000000
3810.511776, 1000.000000, 0.000000
3897.114316, 1050.000000, 0.000000
3983.716857, 1000.000000, 0.000000
4070.319397, 1050.000000, 0.000000
4156.921937, 1000.000000, 0.000000
866.025404, 1100.000000, 20.000000
952.627944, 1150.000000, 10.000000
1039.230484, 1100.000000, 10.000000
1125.833025, 1150.000000, 0.000000
1212.435565, 1100.000000, 10.000000
1299.038105, 1150.000000, -20.000000
1385.640646, 1100.000000, 20.000000
1472.243186, 1150.000000, -20.000000
1558.845727, 1100.000000, -20.000000
1645.448267, 1150.000000, 0.000000
1732.050807, 1100.000000, 0.000000
1818.653348, 1150.000000, 0.000000
1905.255888, 1100.000000, 10.000000
1991.858428, 1150.000000, 20.000000
2078.460969, 1100.000000, 20.000000
2165.063509, 1150.000000, 40.000000
2251.666049, 1100.000000, 40.000000
2338.268590, 1150.000000, 50.000000
2424.871130, 1100.000000, 60.000000
2511.473671, 1150.000000, 60.000000
2598.076211, 1100.000000, 60.000000
2684.678751, 1150.000000, 70.000000
2771.281292, 1100.000000, 60.000000
2857.883832, 1150.000000, 60.000000
2944.486372, 1100.000000, 40.000000
3031.088913, 1150.000000, 40.000000
3117.691453, 1100.000000, 30.000000
3204.293993, 1150.000000, 40.000000
3290.896534, 1100.000000, 40.000000
3377.499074, 1150.000000, -20.000000
3464.101615, 1100.000000, 0.000000
3550.704155, 1150.000000, 0.000000
3637.306695, 1100.000000, 0.000000
3723.909236, 1150.000000, 0.000000
3810.511776, 1100.000000, 0.000000
3897.114316, 1150.000000, 0.000000
3983.716857, 1100.000000, 0.000000
4070.319397, 1150.000000, 0.000000
4156.921937, 1100.000000, 0.000000
866.025404, 1200.000000, 20.000000
952.627944, 1250.000000, 10.000000
1039.230484, 1200.000000, 20.000000
1125.833025, 1250.000000, 20.000000
1212.435565, 1200.000000, 20.000000
1299.038105, 1250.000000, 20.000000
1385.640646, 1200.000000, 40.000000
1472.243186, 1250.000000, 20.000000
1558.845727, 1200.000000, 30.000000
1645.448267, 1250.000000, -20.000000
1732.050807, 1200.000000, -20.000000
1818.653348, 1250.000000, 0.000000
1905.255888, 1200.000000, 10.000000
1991.858428, 1250.000000, 10.000000
2078.460969, 1200.000000, 20.000000
2165.063509, 1250.000000, 30.000000
2251.666049, 1200.000000, 30.000000
2338.268590, 1250.000000, 40.000000
2424.871130, 1200.000000, 30.000000
2511.473671, 1250.000000, 60.000000
2598.076211, 1200.000000, 0.000000
2684.678751, 1250.000000, 60.000000
2771.281292, 1200.000000, 40.000000
2857.883832, 1250.000000, 40.000000
2944.486372, 1200.000000, 30.000000
3031.088913, 1250.000000, 20.000000
3117.691453, 1200.000000, 20.000000
3204.293993, 1250.000000, 30.000000
3290.896534, 1200.000000, 30.000000
3377.499074, 1250.000000, -20.000000
3464.101615, 1200.000000, 0.000000
3550.704155, 1250.000000, 0.000000
3637.306695, 1200.000000, 0.000000
3723.909236, 1250.000000, 0.000000
3810.511776, 1200.000000, 0.000000
3897.114316, 1250.000000, 0.000000
3983.716857, 1200.000000, 0.000000
4070.319397, 1250.000000, 0.000000
4156.921937, 1200.000000, 0.000000
866.025404, 1300.000000, 30.000000
952.627944, 1350.000000, 20.000000
1039.230484, 1300.000000, 30.000000
1125.833025, 1350.000000, 20.000000
1212.435565, 1300.000000, 30.000000
1299.038105, 1350.000000, 30.000000
1385.640646, 1300.000000, 40.000000
1472.243186, 1350.000000, 40.000000
1558.845727, 1300.000000, 40.000000
1645.448267, 1350.000000, 20.000000
1732.050807, 1300.000000, -20.000000
1818.653348, 1350.000000, 0.000000
1905.255888, 1300.000000, 0.000000
1991.858428, 1350.000000, 10.000000
2078.460969, 1300.000000, 10.000000
2165.063509, 1350.000000, 20.000000
2251.666049, 1300.000000, 20.000000
2338.268590, 1350.000000, 30.000000
2424.871130, 1300.000000, 30.000000
2511.473671, 1350.000000, 40.000000
2598.076211, 1300.000000, 40.000000
2684.678751, 1350.000000, 0.000000
2771.281292, 1300.000000, 30.000000
2857.883832, 1350.000000, 30.000000
2944.486372, 1300.000000, 20.000000
3031.088913, 1350.000000, 20.000000
3117.691453, 1300.000000, 10.000000
3204.293993, 1350.000000, 30.000000
3290.896534, 1300.000000, 30.000000
3377.499074, 1350.000000, -20.000000
3464.101615, 1300.000000, 0.000000
3550.704155, 1350.000000, 0.000000
3637.306695, 1300.000000, 0.000000
3723.909236, 1350.000000, 0.000000
3810.511776, 1300.000000, 0.000000
3897.114316, 1350.000000, 0.000000
3983.716857, 1300.000000, 0.000000
4070.319397, 1350.000000, 0.000000
4156.921937, 1300.000000, 0.000000
866.025404, 1400.000000, 30.000000
952.627944, 1450.000000, 30.000000
1039.230484, 1400.000000, 30.000000
1125.833025, 1450.000000, 30.000000
1212.435565, 1400.000000, 40.000000
1299.038105, 1450.000000, 40.000000
1385.640646, 1400.000000, 50.000000
1472.243186, 1450.000000, 40.000000
1558.845727, 1400.000000, 30.000000
1645.448267, 1450.000000, 30.000000
1732.050807, 1400.000000, 20.000000
1818.653348, 1450.000000, -10.000000
1905.255888, 1400.000000, 0.000000
1991.858428, 1450.000000, 0.000000
2078.460969, 1400.000000, 10.000000
2165.063509, 1450.000000, 10.000000
2251.666049, 1400.000000, 10.000000
2338.268590, 1450.000000, 20.000000
2424.871130, 1400.000000, 20.000000
2511.473671, 1450.000000, 30.000000
2598.076211, 1400.000000, 20.000000
2684.678751, 1450.000000, 30.000000
2771.281292, 1400.000000, 20.000000
2857.883832, 1450.000000, 20.000000
2944.486372, 1400.000000, 10.000000
3031.088913, 1450.000000, 10.000000
3117.691453, 1400.000000, 10.000000
3204.293993, 1450.000000, 20.000000
3290.896534, 1400.000000, 20.000000
3377.499074, 1450.000000, -20.000000
3464.101615, 1400.000000, 0.000000
3550.704155, 1450.000000, 0.000000
3637.306695, 1400.000000, 0.000000
3723.909236, 1450.000000, 0.000000
3810.511776, 1400.000000, 0.000000
3897.114316, 1450.000000, 0.000000
3983.716857, 1400.000000, 0.000000
4070.319397, 1450.000000, 0.000000
4156.921937, 1400.000000, 0.000000
866.025404, 1500.000000, 40.000000
952.627944, 1550.000000, 30.000000
1039.230484, 1500.000000, 40.000000
1125.833025, 1550.000000, 40.000000
1212.435565, 1500.000000, 40.000000
1299.038105, 1550.000000, 40.000000
1385.640646, 1500.000000, 40.000000
1472.243186, 1550.000000, 40.000000
1558.845727, 1500.000000, 30.000000
1645.448267, 1550.000000, 30.000000
1732.050807, 1500.000000, 20.000000
1818.653348, 1550.000000, -10.000000
1905.255888, 1500.000000, -10.000000
1991.858428, 1550.000000, 0.000000
2078.460969, 1500.000000, 0.000000
2165.063509, 1550.000000, 10.000000
2251.666049, 1500.000000, 10.000000
2338.268590, 1550.000000, 10.000000
2424.871130, 1500.000000, 20.000000
2511.473671, 1550.000000, 20.000000
2598.076211, 1500.000000, 10.000000
2684.678751, 1550.000000, 20.000000
2771.281292, 1500.000000, 10.000000
2857.883832, 1550.000000, 10.000000
2944.486372, 1500.000000, 10.000000
3031.088913, 1550.000000, 10.000000
3117.691453, 1500.000000, 10.000000
3204.293993, 1550.000000, 10.000000
3290.896534, 1500.000000, 10.000000
3377.499074, 1550.000000, -20.000000
3464.101615, 1500.000000, 0.000000
3550.704155, 1550.000000, 0.000000
3637.306695, 1500.000000, 0.000000
3723.909236, 1550.000000, 0.000000
3810.511776, 1500.000000, 0.000000
3897.114316, 1550.000000, 0.000000
3983.716857, 1500.000000, 0.000000
4070.319397, 1550.000000, 0.000000
4156.921937, 1500.000000, 0.000000
866.025404, 1600.000000, 50.000000
952.627944, 1650.000000, 40.000000
1039.230484, 1600.000000, 40.000000
1125.833025, 1650.000000, 40.000000
1212.435565, 1600.000000, 30.000000
1299.038105, 1650.000000, 30.000000
1385.640646, 1600.000000, 30.000000
1472.243186, 1650.000000, 30.000000
1558.845727, 1600.000000, 20.000000
1645.448267, 1650.000000, 20.000000
1732.050807, 1600.000000, 10.000000
1818.653348, 1650.000000, -10.000000
1905.255888, 1600.000000, -10.000000
1991.858428, 1650.000000, 0.000000
2078.460969, 1600.000000, 0.000000
2165.063509, 1650.000000, 0.000000
2251.666049, 1600.000000, 0.000000
2338.268590, 1650.000000, 10.000000
2424.871130, 1600.000000, 0.000000
2511.473671, 1650.000000, 10.000000
2598.076211, 1600.000000, 10.000000
2684.678751, 1650.000000, 10.000000
2771.281292, 1600.000000, 10.000000
2857.883832, 1650.000000, 10.000000
2944.486372, 1600.000000, 10.000000
3031.088913, 1650.000000, 10.000000
3117.691453, 1600.000000, 10.000000
3204.293993, 1650.000000, -20.000000
3290.896534, 1600.000000, -20.000000
3377.499074, 1650.000000, -20.000000
3464.101615, 1600.000000, 0.000000
3550.704155, 1650.000000, 0.000000
3637.306695, 1600.000000, 0.000000
3723.909236, 1650.000000, 0.000000
3810.511776, 1600.000000, 0.000000
3897.114316, 1650.000000, 0.000000
3983.716857, 1600.000000, 0.000000
4070.319397, 1650.000000, 0.000000
4156.921937, 1600.000000, 0.000000
866.025404, 1700.000000, 50.000000
952.627944, 1750.000000, 40.000000
1039.230484, 1700.000000, 30.000000
1125.833025, 1750.000000, 30.000000
1212.435565, 1700.000000, 30.000000
1299.038105, 1750.000000, 30.000000
1385.640646, 1700.000000, 20.000000
1472.243186, 1750.000000, 20.000000
1558.845727, 1700.000000, 20.000000
1645.448267, 1750.000000, 20.000000
1732.050807, 1700.000000, 10.000000
1818.653348, 1750.000000, -10.000000
1905.255888, 1700.000000, -10.000000
1991.858428, 1750.000000, -20.000000
2078.460969, 1700.000000, -20.000000
2165.063509, 1750.000000, 0.000000
2251.666049, 1700.000000, 10.000000
2338.268590, 1750.000000, 0.000000
2424.871130, 1700.000000, -20.000000
2511.473671, 1750.000000, 0.000000
2598.076211, 1700.000000, 0.000000
2684.678751, 1750.000000, 0.000000
2771.281292, 1700.000000, 0.000000
2857.883832, 1750.000000, 0.000000
2944.486372, 1700.000000, 0.000000
3031.088913, 1750.000000, 10.000000
3117.691453, 1700.000000, 0.000000
3204.293993, 1750.000000, 10.000000
3290.896534, 1700.000000, 10.000000
3377.499074, 1750.000000, -20.000000
3464.101615, 1700.000000, 20.000000
3550.704155, 1750.000000, 0.000000
3637.306695, 1700.000000, 0.000000
3723.909236, 1750.000000, 0.000000
3810.511776, 1700.000000, 0.000000
3897.114316, 1750.000000, 0.000000
3983.716857, 1700.000000, 0.000000
4070.319397, 1750.000000, 0.000000
4156.921937, 1700.000000, 0.000000
866.025404, 1800.000000, 40.000000
952.627944, 1850.000000, 40.000000
1039.230484, 1800.000000, 30.000000
1125.833025, 1850.000000, 30.000000
1212.435565, 1800.000000, 20.000000
1299.038105, 1850.000000, 20.000000
1385.640646, 1800.000000, 20.000000
1472.243186, 1850.000000, 20.000000
1558.845727, 1800.000000, 10.000000
1645.448267, 1850.000000, 10.000000
1732.050807, 1800.000000, 10.000000
1818.653348, 1850.000000, -10.000000
1905.255888, 1800.000000, -10.000000
1991.858428, 1850.000000, 0.000000
2078.460969, 1800.000000, 10.000000
2165.063509, 1850.000000, -20.000000
2251.666049, 1800.000000, -20.000000
2338.268590, 1850.000000, -20.000000
2424.871130, 1800.000000, 10.000000
2511.473671, 1850.000000, -20.000000
2598.076211, 1800.000000, -10.000000
2684.678751, 1850.000000, 0.000000
2771.281292, 1800.000000, 0.000000
2857.883832, 1850.000000, 0.000000
2944.486372, 1800.000000, 0.000000
3031.088913, 1850.000000, 0.000000
3117.691453, 1800.000000, 0.000000
3204.293993, 1850.000000, 0.000000
3290.896534, 1800.000000, 10.000000
3377.499074, 1850.000000, -20.000000
3464.101615, 1800.000000, 10.000000
3550.704155, 1850.000000, 20.000000
3637.306695, 1800.000000, 10.000000
3723.909236, 1850.000000, 0.000000
3810.511776, 1800.000000, 0.000000
3897.114316, 1850.000000, 0.000000
3983.716857, 1800.000000, 0.000000
4070.319397, 1850.000000, 0.000000
4156.921937, 1800.000000, 0.000000
866.025404, 1900.000000, 30.000000
952.627944, 1950.000000, 30.000000
1039.230484, 1900.000000, 30.000000
1125.833025, 1950.000000, 30.000000
1212.435565, 1900.000000, 20.000000
1299.038105, 1950.000000, 20.000000
1385.640646, 1900.000000, 20.000000
1472.243186, 1950.000000, 10.000000
1558.845727, 1900.000000, 10.000000
1645.448267, 1950.000000, 10.000000
1732.050807, 1900.000000, 10.000000
1818.653348, 1950.000000, 0.000000
1905.255888, 1900.000000, -20.000000
1991.858428, 1950.000000, 0.000000
2078.460969, 1900.000000, 20.000000
2165.063509, 1950.000000, 10.000000
2251.666049, 1900.000000, 20.000000
2338.268590, 1950.000000, 10.000000
2424.871130, 1900.000000, 10.000000
2511.473671, 1950.000000, 10.000000
2598.076211, 1900.000000, -10.000000
2684.678751, 1950.000000, -10.000000
2771.281292, 1900.000000, -20.000000
2857.883832, 1950.000000, 0.000000
2944.486372, 1900.000000, 0.000000
3031.088913, 1950.000000, 0.000000
3117.691453, 1900.000000, 0.000000
3204.293993, 1950.000000, 0.000000
3290.896534, 1900.000000, 0.000000
3377.499074, 1950.000000, -20.000000
3464.101615, 1900.000000, 10.000000
3550.704155, 1950.000000, 10.000000
3637.306695, 1900.000000, 10.000000
3723.909236, 1950.000000, 10.000000
3810.511776, 1900.000000, 0.000000
3897.114316, 1950.000000, 0.000000
3983.716857, 1900.000000, 0.000000
4070.319397, 1950.000000, 0.000000
4156.921937, 1900.000000, 0.000000
866.025404, 2000.000000, 30.000000
952.627944, 2050.000000, 30.000000
1039.230484, 2000.000000, 30.000000
1125.833025, 2050.000000, 20.000000
1212.435565, 2000.000000, 20.000000
1299.038105, 2050.000000, 20.000000
1385.640646, 2000.000000, 20.000000
1472.243186, 2050.000000, 10.000000
1558.845727, 2000.000000, 10.000000
1645.448267, 2050.000000, 10.000000
1732.050807, 2000.000000, 10.000000
1818.653348, 2050.000000, -10.000000
1905.255888, 2000.000000, -10.000000
1991.858428, 2050.000000, 0.000000
2078.460969, 2000.000000, 10.000000
2165.063509, 2050.000000, 20.000000
2251.666049, 2000.000000, 20.000000
2338.268590, 2050.000000, 20.000000
2424.871130, 2000.000000, 20.000000
2511.473671, 2050.000000, 10.000000
2598.076211, 2000.000000, -10.000000
2684.678751, 2050.000000, -10.000000
2771.281292, 2000.000000, 10.000000
2857.883832, 2050.000000, -20.000000
2944.486372, 2000.000000, 0.000000
3031.088913, 2050.000000, 0.000000
3117.691453, 2000.000000, 0.000000
3204.293993, 2050.000000, 0.000000
3290.896534, 2000.000000, 0.000000
3377.499074, 2050.000000, -20.000000
3464.101615, 2000.000000, 0.000000
3550.704155, 2050.000000, 0.000000
3637.306695, 2000.000000, 0.000000
3723.909236, 2050.000000, 0.000000
3810.511776, 2000.000000, 0.000000
3897.114316, 2050.000000, 0.000000
3983.716857, 2000.000000, 0.000000
4070.319397, 2050.000000, 0.000000
4156.921937, 2000.000000, 0.000000
866.025404, 2100.000000, 0.000000
952.627944, 2150.000000, 30.000000
1039.230484, 2100.000000, 30.000000
1125.833025, 2150.000000, 20.000000
1212.435565, 2100.000000, 20.000000
1299.038105, 2150.000000, 20.000000
1385.640646, 2100.000000, 20.000000
1472.243186, 2150.000000, 10.000000
1558.845727, 2100.000000, 10.000000
1645.448267, 2150.000000, 10.000000
1732.050807, 2100.000000, 0.000000
1818.653348, 2150.000000, 0.000000
1905.255888, 2100.000000, 0.000000
1991.858428, 2150.000000, -10.000000
2078.460969, 2100.000000, 10.000000
2165.063509, 2150.000000, 20.000000
2251.666049, 2100.000000, 20.000000
2338.268590, 2150.000000, 30.000000
2424.871130, 2100.000000, 30.000000
2511.473671, 2150.000000, 20.000000
2598.076211, 2100.000000, -10.000000
2684.678751, 2150.000000, -10.000000
2771.281292, 2100.000000, 20.000000
2857.883832, 2150.000000, -20.000000
2944.486372, 2100.000000, -20.000000
3031.088913, 2150.000000, 0.000000
3117.691453, 2100.000000, 0.000000
3204.293993, 2150.000000, 0.000000
3290.896534, 2100.000000, 0.000000
3377.499074, 2150.000000, -20.000000
3464.101615, 2100.000000, 0.000000
3550.704155, 2150.000000, 0.000000
3637.306695, 2100.000000, 0.000000
3723.909236, 2150.000000, 0.000000
3810.511776, 2100.000000, 0.000000
3897.114316, 2150.000000, 0.000000
3983.716857, 2100.000000, 0.000000
4070.319397, 2150.000000, 0.000000
4156.921937, 2100.000000, 0.000000
866.025404, 2200.000000, 50.000000
952.627944, 2250.000000, 40.000000
1039.230484, 2200.000000, 40.000000
1125.833025, 2250.000000, 30.000000
1212.435565, 2200.000000, 20.000000
1299.038105, 2250.000000, 20.000000
1385.640646, 2200.000000, 0.000000
1472.243186, 2250.000000, 20.000000
1558.845727, 2200.000000, 0.000000
1645.448267, 2250.000000, 10.000000
1732.050807, 2200.000000, 10.000000
1818.653348, 2250.000000, 10.000000
1905.255888, 2200.000000, -10.000000
1991.858428, 2250.000000, -20.000000
2078.460969, 2200.000000, 10.000000
2165.063509, 2250.000000, 10.000000
2251.666049, 2200.000000, 10.000000
2338.268590, 2250.000000, 30.000000
2424.871130, 2200.000000, 30.000000
2511.473671, 2250.000000, 30.000000
2598.076211, 2200.000000, -10.000000
2684.678751, 2250.000000, -10.000000
2771.281292, 2200.000000, 30.000000
2857.883832, 2250.000000, 20.000000
2944.486372, 2200.000000, 20.000000
3031.088913, 2250.000000, -20.000000
3117.691453, 2200.000000, -20.000000
3204.293993, 2250.000000, 0.000000
3290.896534, 2200.000000, 0.000000
3377.499074, 2250.000000, -20.000000
3464.101615, 2200.000000, 0.000000
3550.704155, 2250.000000, 0.000000
3637.306695, 2200.000000, 0.000000
3723.909236, 2250.000000, 0.000000
3810.511776, 2200.000000, -10.000000
3897.114316, 2250.000000, 0.000000
3983.716857, 2200.000000, 0.000000
4070.319397, 2250.000000, 0.000000
4156.921937, 2200.000000, 0.000000
866.025404, 2300.000000, 0.000000
952.627944, 2350.000000, 0.000000
1039.230484, 2300.000000, 0.000000
1125.833025, 2350.000000, 30.000000
1212.435565, 2300.000000, 0.000000
1299.038105, 2350.000000, 0.000000
1385.640646, 2300.000000, 0.000000
1472.243186, 2350.000000, 0.000000
1558.845727, 2300.000000, 0.000000
1645.448267, 2350.000000, 10.000000
1732.050807, 2300.000000, 10.000000
1818.653348, 2350.000000, 10.000000
1905.255888, 2300.000000, -10.000000
1991.858428, 2350.000000, -10.000000
2078.460969, 2300.000000, 0.000000
2165.063509, 2350.000000, 10.000000
2251.666049, 2300.000000, 0.000000
2338.268590, 2350.000000, 30.000000
2424.871130, 2300.000000, 30.000000
2511.473671, 2350.000000, 30.000000
2598.076211, 2300.000000, 30.000000
2684.678751, 2350.000000, -10.000000
2771.281292, 2300.000000, -10.000000
2857.883832, 2350.000000, 0.000000
2944.486372, 2300.000000, 20.000000
3031.088913, 2350.000000, 10.000000
3117.691453, 2300.000000, 10.000000
3204.293993, 2350.000000, -20.000000
3290.896534, 2300.000000, -20.000000
3377.499074, 2350.000000, -20.000000
3464.101615, 2300.000000, 0.000000
3550.704155, 2350.000000, 0.000000
3637.306695, 2300.000000, 0.000000
3723.909236, 2350.000000, 0.000000
3810.511776, 2300.000000, 0.000000
3897.114316, 2350.000000, 0.000000
3983.716857, 2300.000000, 0.000000
4070.319397, 2350.000000, 0.000000
4156.921937, 2300.000000, 0.000000
866.025404, 2400.000000, 0.000000
952.627944, 2450.000000, 0.000000
1039.230484, 2400.000000, 0.000000
1125.833025, 2450.000000, 0.000000
1212.435565, 2400.000000, 0.000000
1299.038105, 2450.000000, 0.000000
1385.640646, 2400.000000, 0.000000
1472.243186, 2450.000000, 0.000000
1558.845727, 2400.000000, 0.000000
1645.448267, 2450.000000, 0.000000
1732.050807, 2400.000000, 0.000000
1818.653348, 2450.000000, 0.000000
1905.255888, 2400.000000, -20.000000
1991.858428, 2450.000000, -10.000000
2078.460969, 2400.000000, 0.000000
2165.063509, 2450.000000, 10.000000
2251.666049, 2400.000000, 10.000000
2338.268590, 2450.000000, 0.000000
2424.871130, 2400.000000, 0.000000
2511.473671, 2450.000000, 30.000000
2598.076211, 2400.000000, 30.000000
2684.678751, 2450.000000, -10.000000
2771.281292, 2400.000000, 30.000000
2857.883832, 2450.000000, 30.000000
2944.486372, 2400.000000, 20.000000
3031.088913, 2450.000000, 10.000000
3117.691453, 2400.000000, 10.000000
3204.293993, 2450.000000, 10.000000
3290.896534, 2400.000000, 10.000000
3377.499074, 2450.000000, -20.000000
3464.101615, 2400.000000, -20.000000
3550.704155, 2450.000000, -20.000000
3637.306695, 2400.000000, -20.000000
3723.909236, 2450.000000, 0.000000
3810.511776, 2400.000000, 0.000000
3897.114316, 2450.000000, 0.000000
3983.716857, 2400.000000, 0.000000
4070.319397, 2450.000000, 0.000000
4156.921937, 2400.000000, 0.000000
866.025404, 2500.000000, 0.000000
952.627944, 2550.000000, 0.000000
1039.230484, 2500.000000, 0.000000
1125.833025, 2550.000000, 0.000000
1212.435565, 2500.000000, 0.000000
1299.038105, 2550.000000, 0.000000
1385.640646, 2500.000000, 0.000000
1472.243186, 2550.000000, 0.000000
1558.845727, 2500.000000, 0.000000
1645.448267, 2550.000000, 0.000000
1732.050807, 2500.000000, 0.000000
1818.653348, 2550.000000, 0.000000
1905.255888, 2500.000000, -20.000000
1991.858428, 2550.000000, -10.000000
2078.460969, 2500.000000, 0.000000
2165.063509, 2550.000000, 10.000000
2251.666049, 2500.000000, 10.000000
2338.268590, 2550.000000, 0.000000
2424.871130, 2500.000000, 0.000000
2511.473671, 2550.000000, 0.000000
2598.076211, 2500.000000, 0.000000
2684.678751, 2550.000000, 30.000000
2771.281292, 2500.000000, 30.000000
2857.883832, 2550.000000, 30.000000
2944.486372, 2500.000000, 20.000000
3031.088913, 2550.000000, 10.000000
3117.691453, 2500.000000, 0.000000
3204.293993, 2550.000000, 0.000000
3290.896534, 2500.000000, 10.000000
3377.499074, 2550.000000, 10.000000
3464.101615, 2500.000000, -20.000000
3550.704155, 2550.000000, 10.000000
3637.306695, 2500.000000, 10.000000
3723.909236, 2550.000000, -10.000000
3810.511776, 2500.000000, -10.000000
3897.114316, 2550.000000, 0.000000
3983.716857, 2500.000000, 0.000000
4070.319397, 2550.000000, 0.000000
4156.921937, 2500.000000, 0.000000
866.025404, 2600.000000, 0.000000
952.627944, 2650.000000, 0.000000
1039.230484, 2600.000000, 0.000000
1125.833025, 2650.000000, 0.000000
1212.435565, 2600.000000, 0.000000
1299.038105, 2650.000000, 0.000000
1385.640646, 2600.000000, 0.000000
1472.243186, 2650.000000, 0.000000
1558.845727, 2600.000000, 0.000000
1645.448267, 2650.000000, 0.000000
1732.050807, 2600.000000, 0.000000
1818.653348, 2650.000000, 0.000000
1905.255888, 2600.000000, -10.000000
1991.858428, 2650.000000, -10.000000
2078.460969, 2600.000000, 0.000000
2165.063509, 2650.000000, 0.000000
2251.666049, 2600.000000, 10.000000
2338.268590, 2650.000000, 0.000000
2424.871130, 2600.000000, 0.000000
2511.473671, 2650.000000, 0.000000
2598.076211, 2600.000000, 0.000000
2684.678751, 2650.000000, 0.000000
2771.281292, 2600.000000, 0.000000
2857.883832, 2650.000000, 30.000000
2944.486372, 2600.000000, 0.000000
3031.088913, 2650.000000, 0.000000
3117.691453, 2600.000000, 0.000000
3204.293993, 2650.000000, 0.000000
3290.896534, 2600.000000, 0.000000
3377.499074, 2650.000000, 10.000000
3464.101615, 2600.000000, -20.000000
3550.704155, 2650.000000, 0.000000
3637.306695, 2600.000000, 0.000000
3723.909236, 2650.000000, 10.000000
3810.511776, 2600.000000, 10.000000
3897.114316, 2650.000000, -10.000000
3983.716857, 2600.000000, -10.000000
4070.319397, 2650.000000, 0.000000
4156.921937, 2600.000000, 0.000000
866.025404, 2700.000000, 0.000000
952.627944, 2750.000000, 0.000000
1039.230484, 2700.000000, 0.000000
1125.833025, 2750.000000, 0.000000
1212.435565, 2700.000000, 0.000000
1299.038105, 2750.000000, 0.000000
1385.640646, 2700.000000, 0.000000
1472.243186, 2750.000000, 0.000000
1558.845727, 2700.000000, 0.000000
1645.448267, 2750.000000, 0.000000
1732.050807, 2700.000000, 0.000000
1818.653348, 2750.000000, 0.000000
1905.255888, 2700.000000, -10.000000
1991.858428, 2750.000000, -10.000000
2078.460969, 2700.000000, 10.000000
2165.063509, 2750.000000, 0.000000
2251.666049, 2700.000000, 10.000000
2338.268590, 2750.000000, 10.000000
2424.871130, 2700.000000, 0.000000
2511.473671, 2750.000000, 30.000000
2598.076211, 2700.000000, 30.000000
2684.678751, 2750.000000, 0.000000
2771.281292, 2700.000000, 0.000000
2857.883832, 2750.000000, 0.000000
2944.486372, 2700.000000, 0.000000
3031.088913, 2750.000000, 0.000000
3117.691453, 2700.000000, 0.000000
3204.293993, 2750.000000, 0.000000
3290.896534, 2700.000000, 0.000000
3377.499074, 2750.000000, 0.000000
3464.101615, 2700.000000, -20.000000
3550.704155, 2750.000000, 0.000000
3637.306695, 2700.000000, 0.000000
3723.909236, 2750.000000, 0.000000
3810.511776, 2700.000000, 20.000000
3897.114316, 2750.000000, -10.000000
3983.716857, 2700.000000, -10.000000
4070.319397, 2750.000000, -20.000000
4156.921937, 2700.000000, -20.000000
866.025404, 2800.000000, 0.000000
952.627944, 2850.000000, 0.000000
1039.230484, 2800.000000, 0.000000
1125.833025, 2850.000000, 0.000000
1212.435565, 2800.000000, 0.000000
1299.038105, 2850.000000, 0.000000
1385.640646, 2800.000000, 0.000000
1472.243186, 2850.000000, 0.000000
1558.845727, 2800.000000, 0.000000
1645.448267, 2850.000000, 0.000000
1732.050807, 2800.000000, -10.000000
1818.653348, 2850.000000, -10.000000
1905.255888, 2800.000000, -10.000000
1991.858428, 2850.000000, 0.000000
2078.460969, 2800.000000, 10.000000
2165.063509, 2850.000000, 0.000000
2251.666049, 2800.000000, 0.000000
2338.268590, 2850.000000, 10.000000
2424.871130, 2800.000000, 20.000000
2511.473671, 2850.000000, 20.000000
2598.076211, 2800.000000, 0.000000
2684.678751, 2850.000000, 30.000000
2771.281292, 2800.000000, 30.000000
2857.883832, 2850.000000, 0.000000
2944.486372, 2800.000000, 0.000000
3031.088913, 2850.000000, 0.000000
3117.691453, 2800.000000, 0.000000
3204.293993, 2850.000000, 0.000000
3290.896534, 2800.000000, 0.000000
3377.499074, 2850.000000, 0.000000
3464.101615, 2800.000000, 0.000000
3550.704155, 2850.000000, 0.000000
3637.306695, 2800.000000, 0.000000
3723.909236, 2850.000000, 0.000000
3810.511776, 2800.000000, 0.000000
3897.114316, 2850.000000, -10.000000
3983.716857, 2800.000000, -10.000000
4070.319397, 2850.000000, 0.000000
4156.921937, 2800.000000, 0.000000
866.025404, 2900.000000, 0.000000
952.627944, 2950.000000, 0.000000
1039.230484, 2900.000000, 0.000000
1125.833025, 2950.000000, 0.000000
1212.435565, 2900.000000, 0.000000
1299.038105, 2950.000000, 0.000000
1385.640646, 2900.000000, 0.000000
1472.243186, 2950.000000, 0.000000
1558.845727, 2900.000000, 0.000000
1645.448267, 2950.000000, 10.000000
1732.050807, 2900.000000, -10.000000
1818.653348, 2950.000000, -10.000000
1905.255888, 2900.000000, 0.000000
1991.858428, 2950.000000, 10.000000
2078.460969, 2900.000000, 0.000000
2165.063509, 2950.000000, 0.000000
2251.666049, 2900.000000, 20.000000
2338.268590, 2950.000000, 20.000000
2424.871130, 2900.000000, 30.000000
2511.473671, 2950.000000, 20.000000
2598.076211, 2900.000000, 0.000000
2684.678751, 2950.000000, 30.000000
2771.281292, 2900.000000, 30.000000
2857.883832, 2950.000000, 0.000000
2944.486372, 2900.000000, 0.000000
3031.088913, 2950.000000, 0.000000
3117.691453, 2900.000000, 0.000000
3204.293993, 2950.000000, 0.000000
3290.896534, 2900.000000, 0.000000
3377.499074, 2950.000000, 0.000000
3464.101615, 2900.000000, 0.000000
3550.704155, 2950.000000, 0.000000
3637.306695, 2900.000000, 0.000000
3723.909236, 2950.000000, 0.000000
3810.511776, 2900.000000, 10.000000
3897.114316, 2950.000000, -10.000000
3983.716857, 2900.000000, -10.000000
4070.319397, 2950.000000, 0.000000
4156.921937, 2900.000000, 0.000000
866.025404, 3000.000000, 0.000000
952.627944, 3050.000000, 0.000000
1039.230484, 3000.000000, 0.000000
1125.833025, 3050.000000, 0.000000
1212.435565, 3000.000000, 0.000000
1299.038105, 3050.000000, 0.000000
1385.640646, 3000.000000, 0.000000
1472.243186, 3050.000000, 0.000000
1558.845727, 3000.000000, 0.000000
1645.448267, 3050.000000, 10.000000
1732.050807, 3000.000000, -10.000000
1818.653348, 3050.000000, -10.000000
1905.255888, 3000.000000, 0.000000
1991.858428, 3050.000000, 10.000000
2078.460969, 3000.000000, 0.000000
2165.063509, 3050.000000, 10.000000
2251.666049, 3000.000000, 20.000000
2338.268590, 3050.000000, 0.000000
2424.871130, 3000.000000, 40.000000
2511.473671, 3050.000000, 30.000000
2598.076211, 3000.000000, 30.000000
2684.678751, 3050.000000, 30.000000
2771.281292, 3000.000000, 30.000000
2857.883832, 3050.000000, 0.000000
2944.486372, 3000.000000, 0.000000
3031.088913, 3050.000000, 0.000000
3117.691453, 3000.000000, 0.000000
3204.293993, 3050.000000, 0.000000
3290.896534, 3000.000000, 0.000000
3377.499074, 3050.000000, 0.000000
3464.101615, 3000.000000, 0.000000
3550.704155, 3050.000000, 0.000000
3637.306695, 3000.000000, 0.000000
3723.909236, 3050.000000, 0.000000
3810.511776, 3000.000000, 0.000000
3897.114316, 3050.000000, -10.000000
3983.716857, 3000.000000, -10.000000
4070.319397, 3050.000000, 0.000000
4156.921937, 3000.000000, 0.000000
866.025404, 3100.000000, 0.000000
952.627944, 3150.000000, 0.000000
1039.230484, 3100.000000, 0.000000
1125.833025, 3150.000000, 0.000000
1212.435565, 3100.000000, 0.000000
1299.038105, 3150.000000, 0.000000
1385.640646, 3100.000000, 0.000000
1472.243186, 3150.000000, 0.000000
1558.845727, 3100.000000, 0.000000
1645.448267, 3150.000000, 0.000000
1732.050807, 3100.000000, -10.000000
1818.653348, 3150.000000, -10.000000
1905.255888, 3100.000000, 0.000000
1991.858428, 3150.000000, 10.000000
2078.460969, 3100.000000, 10.000000
2165.063509, 3150.000000, 20.000000
2251.666049, 3100.000000, 30.000000
2338.268590, 3150.000000, 30.000000
2424.871130, 3100.000000, 40.000000
2511.473671, 3150.000000, 40.000000
2598.076211, 3100.000000, 40.000000
2684.678751, 3150.000000, 30.000000
2771.281292, 3100.000000, 40.000000
2857.883832, 3150.000000, 0.000000
2944.486372, 3100.000000, 0.000000
3031.088913, 3150.000000, 0.000000
3117.691453, 3100.000000, 0.000000
3204.293993, 3150.000000, 0.000000
3290.896534, 3100.000000, 0.000000
3377.499074, 3150.000000, 0.000000
3464.101615, 3100.000000, 0.000000
3550.704155, 3150.000000, 0.000000
3637.306695, 3100.000000, 0.000000
3723.909236, 3150.000000, 0.000000
3810.511776, 3100.000000, -10.000000
3897.114316, 3150.000000, -10.000000
3983.716857, 3100.000000, -10.000000
4070.319397, 3150.000000, 0.000000
4156.921937, 3100.000000, 0.000000
866.025404, 3200.000000, 0.000000
952.627944, 3250.000000, 0.000000
1039.230484, 3200.000000, 0.000000
1125.833025, 3250.000000, 0.000000
1212.435565, 3200.000000, 0.000000
1299.038105, 3250.000000, 0.000000
1385.640646, 3200.000000, 0.000000
1472.243186, 3250.000000, 0.000000
1558.845727, 3200.000000, 0.000000
1645.448267, 3250.000000, 0.000000
1732.050807, 3200.000000, -10.000000
1818.653348, 3250.000000, -10.000000
1905.255888, 3200.000000, 0.000000
1991.858428, 3250.000000, 10.000000
2078.460969, 3200.000000, 10.000000
2165.063509, 3250.000000, 20.000000
2251.666049, 3200.000000, 0.000000
2338.268590, 3250.000000, 40.000000
2424.871130, 3200.000000, 0.000000
2511.473671, 3250.000000, 0.000000
2598.076211, 3200.000000, 0.000000
2684.678751, 3250.000000, 0.000000
2771.281292, 3200.000000, 0.000000
2857.883832, 3250.000000, 0.000000
2944.486372, 3200.000000, 0.000000
3031.088913, 3250.000000, 0.000000
3117.691453, 3200.000000, 0.000000
3204.293993, 3250.000000, 0.000000
3290.896534, 3200.000000, 0.000000
3377.499074, 3250.000000, 0.000000
3464.101615, 3200.000000, 20.000000
3550.704155, 3250.000000, 10.000000
3637.306695, 3200.000000, -20.000000
3723.909236, 3250.000000, -10.000000
3810.511776, 3200.000000, -10.000000
3897.114316, 3250.000000, -10.000000
3983.716857, 3200.000000, 10.000000
4070.319397, 3250.000000, 0.000000
4156.921937, 3200.000000, 0.000000
866.025404, 3300.000000, 0.000000
952.627944, 3350.000000, 0.000000
1039.230484, 3300.000000, 0.000000
1125.833025, 3350.000000, 0.000000
1212.435565, 3300.000000, 0.000000
1299.038105, 3350.000000, 0.000000
1385.640646, 3300.000000, 0.000000
1472.243186, 3350.000000, 0.000000
1558.845727, 3300.000000, 10.000000
1645.448267, 3350.000000, 10.000000
1732.050807, 3300.000000, -10.000000
1818.653348, 3350.000000, -10.000000
1905.255888, 3300.000000, 0.000000
1991.858428, 3350.000000, 10.000000
2078.460969, 3300.000000, 10.000000
2165.063509, 3350.000000, 20.000000
2251.666049, 3300.000000, 30.000000
2338.268590, 3350.000000, 40.000000
2424.871130, 3300.000000, 40.000000
2511.473671, 3350.000000, 0.000000
2598.076211, 3300.000000, 50.000000
2684.678751, 3350.000000, 50.000000
2771.281292, 3300.000000, 0.000000
2857.883832, 3350.000000, 0.000000
2944.486372, 3300.000000, 0.000000
3031.088913, 3350.000000, 0.000000
3117.691453, 3300.000000, 0.000000
3204.293993, 3350.000000, 0.000000
3290.896534, 3300.000000, 0.000000
3377.499074, 3350.000000, 0.000000
3464.101615, 3300.000000, 0.000000
3550.704155, 3350.000000, 0.000000
3637.306695, 3300.000000, 0.000000
3723.909236, 3350.000000, -10.000000
3810.511776, 3300.000000, -10.000000
3897.114316, 3350.000000, 10.000000
3983.716857, 3300.000000, 10.000000
4070.319397, 3350.000000, 0.000000
4156.921937, 3300.000000, 0.000000
866.025404, 3400.000000, 0.000000
952.627944, 3450.000000, 0.000000
1039.230484, 3400.000000, 0.000000
1125.833025, 3450.000000, 0.000000
1212.435565, 3400.000000, 0.000000
1299.038105, 3450.000000, 0.000000
1385.640646, 3400.000000, 0.000000
1472.243186, 3450.000000, 0.000000
1558.845727, 3400.000000, 10.000000
1645.448267, 3450.000000, 10.000000
1732.050807, 3400.000000, -10.000000
1818.653348, 3450.000000, -10.000000
1905.255888, 3400.000000, 0.000000
1991.858428, 3450.000000, 10.000000
2078.460969, 3400.000000, 10.000000
2165.063509, 3450.000000, 10.000000
2251.666049, 3400.000000, 20.000000
2338.268590, 3450.000000, 0.000000
2424.871130, 3400.000000, 40.000000
2511.473671, 3450.000000, 0.000000
2598.076211, 3400.000000, 0.000000
2684.678751, 3450.000000, 50.000000
2771.281292, 3400.000000, 0.000000
2857.883832, 3450.000000, 0.000000
2944.486372, 3400.000000, 0.000000
3031.088913, 3450.000000, 0.000000
3117.691453, 3400.000000, 0.000000
3204.293993, 3450.000000, 0.000000
3290.896534, 3400.000000, 0.000000
3377.499074, 3450.000000, 0.000000
3464.101615, 3400.000000, 20.000000
3550.704155, 3450.000000, 10.000000
3637.306695, 3400.000000, -10.000000
3723.909236, 3450.000000, -10.000000
3810.511776, 3400.000000, -10.000000
3897.114316, 3450.000000, -20.000000
3983.716857, 3400.000000, 0.000000
4070.319397, 3450.000000, 10.000000
4156.921937, 3400.000000, 10.000000
866.025404, 3500.000000, 0.000000
952.627944, 3550.000000, 0.000000
1039.230484, 3500.000000, 0.000000
1125.833025, 3550.000000, 0.000000
1212.435565, 3500.000000, 0.000000
1299.038105, 3550.000000, 0.000000
1385.640646, 3500.000000, 0.000000
1472.243186, 3550.000000, 0.000000
1558.845727, 3500.000000, -10.000000
1645.448267, 3550.000000, -10.000000
1732.050807, 3500.000000, -10.000000
1818.653348, 3550.000000, -10.000000
1905.255888, 3500.000000, 0.000000
1991.858428, 3550.000000, 10.000000
2078.460969, 3500.000000, 10.000000
2165.063509, 3550.000000, 10.000000
2251.666049, 3500.000000, 20.000000
2338.268590, 3550.000000, 0.000000
2424.871130, 3500.000000, 0.000000
2511.473671, 3550.000000, 50.000000
2598.076211, 3500.000000, 0.000000
2684.678751, 3550.000000, 0.000000
2771.281292, 3500.000000, 0.000000
2857.883832, 3550.000000, 0.000000
2944.486372, 3500.000000, 0.000000
3031.088913, 3550.000000, 0.000000
3117.691453, 3500.000000, 0.000000
3204.293993, 3550.000000, 0.000000
3290.896534, 3500.000000, 0.000000
3377.499074, 3550.000000, 0.000000
3464.101615, 3500.000000, 20.000000
3550.704155, 3550.000000, 10.000000
3637.306695, 3500.000000, -10.000000
3723.909236, 3550.000000, -10.000000
3810.511776, 3500.000000, 0.000000
3897.114316, 3550.000000, 0.000000
3983.716857, 3500.000000, 0.000000
4070.319397, 3550.000000, 0.000000
4156.921937, 3500.000000, 0.000000
866.025404, 3600.000000, 0.000000
952.627944, 3650.000000, 0.000000
1039.230484, 3600.000000, 0.000000
1125.833025, 3650.000000, 0.000000
1212.435565, 3600.000000, 0.000000
1299.038105, 3650.000000, 0.000000
1385.640646, 3600.000000, 0.000000
1472.243186, 3650.000000, 0.000000
1558.845727, 3600.000000, -10.000000
1645.448267, 3650.000000, -10.000000
1732.050807, 3600.000000, -20.000000
1818.653348, 3650.000000, -20.000000
1905.255888, 3600.000000, 10.000000
1991.858428, 3650.000000, 10.000000
2078.460969, 3600.000000, 10.000000
2165.063509, 3650.000000, 10.000000
2251.666049, 3600.000000, 20.000000
2338.268590, 3650.000000, 30.000000
2424.871130, 3600.000000, 30.000000
2511.473671, 3650.000000, 40.000000
2598.076211, 3600.000000, 50.000000
2684.678751, 3650.000000, 0.000000
2771.281292, 3600.000000, 0.000000
2857.883832, 3650.000000, 0.000000
2944.486372, 3600.000000, 0.000000
3031.088913, 3650.000000, 0.000000
3117.691453, 3600.000000, -10.000000
3204.293993, 3650.000000, 0.000000
3290.896534, 3600.000000, -10.000000
3377.499074, 3650.000000, -10.000000
3464.101615, 3600.000000, -10.000000
3550.704155, 3650.000000, -20.000000
3637.306695, 3600.000000, 0.000000
3723.909236, 3650.000000, 0.000000
3810.511776, 3600.000000, 0.000000
3897.114316, 3650.000000, 0.000000
3983.716857, 3600.000000, 0.000000
4070.319397, 3650.000000, 0.000000
4156.921937, 3600.000000, 0.000000
866.025404, 3700.000000, 0.000000
952.627944, 3750.000000, 0.000000
1039.230484, 3700.000000, 0.000000
1125.833025, 3750.000000, 0.000000
1212.435565, 3700.000000, 0.000000
1299.038105, 3750.000000, 0.000000
1385.640646, 3700.000000, 0.000000
1472.243186, 3750.000000, 0.000000
1558.845727, 3700.000000, -10.000000
1645.448267, 3750.000000, -10.000000
1732.050807, 3700.000000, 0.000000
1818.653348, 3750.000000, 0.000000
1905.255888, 3700.000000, 10.000000
1991.858428, 3750.000000, 10.000000
2078.460969, 3700.000000, 10.000000
2165.063509, 3750.000000, 10.000000
2251.666049, 3700.000000, 20.000000
2338.268590, 3750.000000, 0.000000
2424.871130, 3700.000000, 0.000000
2511.473671, 3750.000000, 40.000000
2598.076211, 3700.000000, 50.000000
2684.678751, 3750.000000, 0.000000
2771.281292, 3700.000000, 0.000000
2857.883832, 3750.000000, 0.000000
2944.486372, 3700.000000, 0.000000
3031.088913, 3750.000000, -10.000000
3117.691453, 3700.000000, 50.000000
3204.293993, 3750.000000, -10.000000
3290.896534, 3700.000000, -20.000000
3377.499074, 3750.000000, -10.000000
3464.101615, 3700.000000, 0.000000
3550.704155, 3750.000000, 0.000000
3637.306695, 3700.000000, 0.000000
3723.909236, 3750.000000, 0.000000
3810.511776, 3700.000000, 0.000000
3897.114316, 3750.000000, 0.000000
3983.716857, 3700.000000, 0.000000
4070.319397, 3750.000000, 0.000000
4156.921937, 3700.000000, 0.000000
866.025404, 3800.000000, 0.000000
952.627944, 3850.000000, 0.000000
1039.230484, 3800.000000, 0.000000
1125.833025, 3850.000000, 0.000000
1212.435565, 3800.000000, 0.000000
1299.038105, 3850.000000, 0.000000
1385.640646, 3800.000000, 0.000000
1472.243186, 3850.000000, 0.000000
1558.845727, 3800.000000, -10.000000
1645.448267, 3850.000000, -10.000000
1732.050807, 3800.000000, 0.000000
1818.653348, 3850.000000, 0.000000
1905.255888, 3800.000000, 10.000000
1991.858428, 3850.000000, 10.000000
2078.460969, 3800.000000, 10.000000
2165.063509, 3850.000000, 10.000000
2251.666049, 3800.000000, 30.000000
2338.268590, 3850.000000, 0.000000
2424.871130, 3800.000000, 0.000000
2511.473671, 3850.000000, 0.000000
2598.076211, 3800.000000, 50.000000
2684.678751, 3850.000000, 50.000000
2771.281292, 3800.000000, 0.000000
2857.883832, 3850.000000, 0.000000
2944.486372, 3800.000000, 60.000000
3031.088913, 3850.000000, 60.000000
3117.691453, 3800.000000, -20.000000
3204.293993, 3850.000000, -20.000000
3290.896534, 3800.000000, 0.000000
3377.499074, 3850.000000, 0.000000
3464.101615, 3800.000000, 0.000000
3550.704155, 3850.000000, 0.000000
3637.306695, 3800.000000, 0.000000
3723.909236, 3850.000000, 0.000000
3810.511776, 3800.000000, 0.000000
3897.114316, 3850.000000, 0.000000
3983.716857, 3800.000000, 0.000000
4070.319397, 3850.000000, 0.000000
4156.921937, 3800.000000, 0.000000
866.025404, 3900.000000, 0.000000
952.627944, 3950.000000, 0.000000
1039.230484, 3900.000000, 0.000000
1125.833025, 3950.000000, 0.000000
1212.435565, 3900.000000, 0.000000
1299.038105, 3950.000000, 0.000000
1385.640646, 3900.000000, 0.000000
1472.243186, 3950.000000, 0.000000
1558.845727, 3900.000000, -10.000000
1645.448267, 3950.000000, -10.000000
1732.050807, 3900.000000, 0.000000
1818.653348, 3950.000000, 10.000000
1905.255888, 3900.000000, 10.000000
1991.858428, 3950.000000, 10.000000
2078.460969, 3900.000000, 20.000000
2165.063509, 3950.000000, 20.000000
2251.666049, 3900.000000, 0.000000
2338.268590, 3950.000000, 0.000000
2424.871130, 3900.000000, 0.000000
2511.473671, 3950.000000, 0.000000
2598.076211, 3900.000000, 0.000000
2684.678751, 3950.000000, 50.000000
2771.281292, 3900.000000, 50.000000
2857.883832, 3950.000000, 50.000000
2944.486372, 3900.000000, 50.000000
3031.088913, 3950.000000, -20.000000
3117.691453, 3900.000000, 0.000000
3204.293993, 3950.000000, 0.000000
3290.896534, 3900.000000, 0.000000
3377.499074, 3950.000000, 0.000000
3464.101615, 3900.000000, 0.000000
3550.704155, 3950.000000, 0.000000
3637.306695, 3900.000000, 0.000000
3723.909236, 3950.000000, 0.000000
3810.511776, 3900.000000, 0.000000
3897.114316, 3950.000000, 0.000000
3983.716857, 3900.000000, 0.000000
4070.319397, 3950.000000, 0.000000
4156.921937, 3900.000000, 0.000000
866.025404, 4000.000000, 0.000000
952.627944, 4050.000000, 0.000000
1039.230484, 4000.000000, 0.000000
1125.833025, 4050.000000, 0.000000
1212.435565, 4000.000000, 0.000000
1299.038105, 4050.000000, 0.000000
1385.640646, 4000.000000, 0.000000
1472.243186, 4050.000000, 0.000000
1558.845727, 4000.000000, -20.000000
1645.448267, 4050.000000, -20.000000
1732.050807, 4000.000000, 0.000000
1818.653348, 4050.000000, 10.000000
1905.255888, 4000.000000, 10.000000
1991.858428, 4050.000000, 10.000000
2078.460969, 4000.000000, 0.000000
2165.063509, 4050.000000, 0.000000
2251.666049, 4000.000000, 30.000000
2338.268590, 4050.000000, 0.000000
2424.871130, 4000.000000, 0.000000
2511.473671, 4050.000000, 0.000000
2598.076211, 4000.000000, 0.000000
2684.678751, 4050.000000, 50.000000
2771.281292, 4000.000000, 40.000000
2857.883832, 4050.000000, 50.000000
2944.486372, 4000.000000, -20.000000
3031.088913, 4050.000000, -20.000000
3117.691453, 4000.000000, 0.000000
3204.293993, 4050.000000, 0.000000
3290.896534, 4000.000000, 0.000000
3377.499074, 4050.000000, 0.000000
3464.101615, 4000.000000, 0.000000
3550.704155, 4050.000000, 0.000000
3637.306695, 4000.000000, 0.000000
3723.909236, 4050.000000, 0.000000
3810.511776, 4000.000000, 0.000000
3897.114316, 4050.000000, 0.000000
3983.716857, 4000.000000, 0.000000
4070.319397, 4050.000000, 0.000000
4156.921937, 4000.000000, 0.000000
866.025404, 4100.000000, 0.000000
952.627944, 4150.000000, 0.000000
1039.230484, 4100.000000, 0.000000
1125.833025, 4150.000000, 0.000000
1212.435565, 4100.000000, 0.000000
1299.038105, 4150.000000, 0.000000
1385.640646, 4100.000000, -20.000000
1472.243186, 4150.000000, -20.000000
1558.845727, 4100.000000, 0.000000
1645.448267, 4150.000000, 0.000000
1732.050807, 4100.000000, 10.000000
1818.653348, 4150.000000, 0.000000
1905.255888, 4100.000000, 10.000000
1991.858428, 4150.000000, 10.000000
2078.460969, 4100.000000, 0.000000
2165.063509, 4150.000000, 20.000000
2251.666049, 4100.000000, 20.000000
2338.268590, 4150.000000, 0.000000
2424.871130, 4100.000000, 30.000000
2511.473671, 4150.000000, 0.000000
2598.076211, 4100.000000, 30.000000
2684.678751, 4150.000000, 40.000000
2771.281292, 4100.000000, 30.000000
2857.883832, 4150.000000, -20.000000
2944.486372, 4100.000000, -20.000000
3031.088913, 4150.000000, 0.000000
3117.691453, 4100.000000, 0.000000
3204.293993, 4150.000000, 0.000000
3290.896534, 4100.000000, 0.000000
3377.499074, 4150.000000, 0.000000
3464.101615, 4100.000000, 0.000000
3550.704155, 4150.000000, 0.000000
3637.306695, 4100.000000, 0.000000
3723.909236, 4150.000000, 0.000000
3810.511776, 4100.000000, 0.000000
3897.114316, 4150.000000, 0.000000
3983.716857, 4100.000000, 0.000000
4070.319397, 4150.000000, 0.000000
4156.921937, 4100.000000, 0.000000
866.025404, 4200.000000, 0.000000
952.627944, 4250.000000, 0.000000
1039.230484, 4200.000000, 0.000000
1125.833025, 4250.000000, 0.000000
1212.435565, 4200.000000, -20.000000
1299.038105, 4250.000000, -20.000000
1385.640646, 4200.000000, 0.000000
1472.243186, 4250.000000, -20.000000
1558.845727, 4200.000000, -20.000000
1645.448267, 4250.000000, 0.000000
1732.050807, 4200.000000, 10.000000
1818.653348, 4250.000000, 10.000000
1905.255888, 4200.000000, 10.000000
1991.858428, 4250.000000, 10.000000
2078.460969, 4200.000000, 10.000000
2165.063509, 4250.000000, 10.000000
2251.666049, 4200.000000, 10.000000
2338.268590, 4250.000000, 20.000000
2424.871130, 4200.000000, 20.000000
2511.473671, 4250.000000, 30.000000
2598.076211, 4200.000000, 30.000000
2684.678751, 4250.000000, 30.000000
2771.281292, 4200.000000, -20.000000
2857.883832, 4250.000000, -20.000000
2944.486372, 4200.000000, -20.000000
3031.088913, 4250.000000, 0.000000
3117.691453, 4200.000000, 0.000000
3204.293993, 4250.000000, 0.000000
3290.896534, 4200.000000, 0.000000
3377.499074, 4250.000000, 0.000000
3464.101615, 4200.000000, 0.000000
3550.704155, 4250.000000, 0.000000
3637.306695, 4200.000000, 0.000000
3723.909236, 4250.000000, 0.000000
3810.511776, 4200.000000, 0.000000
3897.114316, 4250.000000, 0.000000
3983.716857, 4200.000000, 0.000000
4070.319397, 4250.000000, 0.000000
4156.921937, 4200.000000, 0.000000
866.025404, 4300.000000, 0.000000
952.627944, 4350.000000, 0.000000
1039.230484, 4300.000000, -20.000000
1125.833025, 4350.000000, -20.000000
1212.435565, 4300.000000, 0.000000
1299.038105, 4350.000000, 0.000000
1385.640646, 4300.000000, 0.000000
1472.243186, 4350.000000, 0.000000
1558.845727, 4300.000000, 0.000000
1645.448267, 4350.000000, -20.000000
1732.050807, 4300.000000, -20.000000
1818.653348, 4350.000000, 10.000000
1905.255888, 4300.000000, 10.000000
1991.858428, 4350.000000, 10.000000
2078.460969, 4300.000000, -20.000000
2165.063509, 4350.000000, -20.000000
2251.666049, 4300.000000, -20.000000
2338.268590, 4350.000000, 10.000000
2424.871130, 4300.000000, -20.000000
2511.473671, 4350.000000, -20.000000
2598.076211, 4300.000000, -20.000000
2684.678751, 4350.000000, -20.000000
2771.281292, 4300.000000, 30.000000
2857.883832, 4350.000000, 30.000000
2944.486372, 4300.000000, 30.000000
3031.088913, 4350.000000, 40.000000
3117.691453, 4300.000000, 30.000000
3204.293993, 4350.000000, 0.000000
3290.896534, 4300.000000, 0.000000
3377.499074, 4350.000000, 0.000000
3464.101615, 4300.000000, 0.000000
3550.704155, 4350.000000, 0.000000
3637.306695, 4300.000000, 0.000000
3723.909236, 4350.000000, 0.000000
3810.511776, 4300.000000, 0.000000
3897.114316, 4350.000000, 0.000000
3983.716857, 4300.000000, 0.000000
4070.319397, 4350.000000, 0.000000
4156.921937, 4300.000000, 0.000000
866.025404, 4400.000000, 0.000000
952.627944, 4450.000000, -20.000000
1039.230484, 4400.000000, 10.000000
1125.833025, 4450.000000, 0.000000
1212.435565, 4400.000000, 0.000000
1299.038105, 4450.000000, 0.000000
1385.640646, 4400.000000, 0.000000
1472.243186, 4450.000000, 0.000000
1558.845727, 4400.000000, 0.000000
1645.448267, 4450.000000, 0.000000
1732.050807, 4400.000000, 0.000000
1818.653348, 4450.000000, -20.000000
1905.255888, 4400.000000, -20.000000
1991.858428, 4450.000000, -20.000000
2078.460969, 4400.000000, 10.000000
2165.063509, 4450.000000, 10.000000
2251.666049, 4400.000000, 0.000000
2338.268590, 4450.000000, -20.000000
2424.871130, 4400.000000, 20.000000
2511.473671, 4450.000000, 20.000000
2598.076211, 4400.000000, 0.000000
2684.678751, 4450.000000, -20.000000
2771.281292, 4400.000000, -20.000000
2857.883832, 4450.000000, 30.000000
2944.486372, 4400.000000, -20.000000
3031.088913, 4450.000000, -20.000000
3117.691453, 4400.000000, -20.000000
3204.293993, 4450.000000, 30.000000
3290.896534, 4400.000000, -10.000000
3377.499074, 4450.000000, 0.000000
3464.101615, 4400.000000, 0.000000
3550.704155, 4450.000000, 0.000000
3637.306695, 4400.000000, 0.000000
3723.909236, 4450.000000, 0.000000
3810.511776, 4400.000000, 0.000000
3897.114316, 4450.000000, 0.000000
3983.716857, 4400.000000, 0.000000
4070.319397, 4450.000000, 0.000000
4156.921937, 4400.000000, 0.000000
866.025404, 4500.000000, -20.000000
952.627944, 4550.000000, -20.000000
1039.230484, 4500.000000, 0.000000
1125.833025, 4550.000000, 0.000000
1212.435565, 4500.000000, 0.000000
1299.038105, 4550.000000, 0.000000
1385.640646, 4500.000000, 0.000000
1472.243186, 4550.000000, 0.000000
1558.845727, 4500.000000, 0.000000
1645.448267, 4550.000000, 0.000000
1732.050807, 4500.000000, 0.000000
1818.653348, 4550.000000, 10.000000
1905.255888, 4500.000000, 10.000000
1991.858428, 4550.000000, 10.000000
2078.460969, 4500.000000, 20.000000
2165.063509, 4550.000000, 0.000000
2251.666049, 4500.000000, 20.000000
2338.268590, 4550.000000, -20.000000
2424.871130, 4500.000000, 30.000000
2511.473671, 4550.000000, 20.000000
2598.076211, 4500.000000, 0.000000
2684.678751, 4550.000000, 0.000000
2771.281292, 4500.000000, 0.000000
2857.883832, 4550.000000, -20.000000
2944.486372, 4500.000000, 0.000000
3031.088913, 4550.000000, 30.000000
3117.691453, 4500.000000, 30.000000
3204.293993, 4550.000000, -10.000000
3290.896534, 4500.000000, -10.000000
3377.499074, 4550.000000, -10.000000
3464.101615, 4500.000000, 0.000000
3550.704155, 4550.000000, 0.000000
3637.306695, 4500.000000, 0.000000
3723.909236, 4550.000000, 0.000000
3810.511776, 4500.000000, 30.000000
3897.114316, 4550.000000, 0.000000
3983.716857, 4500.000000, 0.000000
4070.319397, 4550.000000, 0.000000
4156.921937, 4500.000000, 0.000000
866.025404, 4600.000000, 0.000000
952.627944, 4650.000000, 0.000000
1039.230484, 4600.000000, 0.000000
1125.833025, 4650.000000, 0.000000
1212.435565, 4600.000000, 0.000000
1299.038105, 4650.000000, 0.000000
1385.640646, 4600.000000, 0.000000
1472.243186, 4650.000000, 0.000000
1558.845727, 4600.000000, 0.000000
1645.448267, 4650.000000, 0.000000
1732.050807, 4600.000000, 0.000000
1818.653348, 4650.000000, 20.000000
1905.255888, 4600.000000, 20.000000
1991.858428, 4650.000000, 10.000000
2078.460969, 4600.000000, 0.000000
2165.063509, 4650.000000, 20.000000
2251.666049, 4600.000000, 20.000000
2338.268590, 4650.000000, -20.000000
2424.871130, 4600.000000, 40.000000
2511.473671, 4650.000000, 0.000000
2598.076211, 4600.000000, 0.000000
2684.678751, 4650.000000, 0.000000
2771.281292, 4600.000000, 0.000000
2857.883832, 4650.000000, 0.000000
2944.486372, 4600.000000, 0.000000
3031.088913, 4650.000000, 40.000000
3117.691453, 4600.000000, -10.000000
3204.293993, 4650.000000, -10.000000
3290.896534, 4600.000000, -10.000000
3377.499074, 4650.000000, -20.000000
3464.101615, 4600.000000, 40.000000
3550.704155, 4650.000000, 0.000000
3637.306695, 4600.000000, 0.000000
3723.909236, 4650.000000, 40.000000
3810.511776, 4600.000000, 30.000000
3897.114316, 4650.000000, 0.000000
3983.716857, 4600.000000, 0.000000
4070.319397, 4650.000000, 0.000000
4156.921937, 4600.000000, 0.000000
866.025404, 4700.000000, 0.000000
952.627944, 4750.000000, 0.000000
1039.230484, 4700.000000, 0.000000
1125.833025, 4750.000000, 0.000000
1212.435565, 4700.000000, 0.000000
1299.038105, 4750.000000, 0.000000
1385.640646, 4700.000000, 0.000000
1472.243186, 4750.000000, 0.000000
1558.845727, 4700.000000, 0.000000
1645.448267, 4750.000000, 0.000000
1732.050807, 4700.000000, 0.000000
1818.653348, 4750.000000, 20.000000
1905.255888, 4700.000000, 20.000000
1991.858428, 4750.000000, 20.000000
2078.460969, 4700.000000, 30.000000
2165.063509, 4750.000000, 20.000000
2251.666049, 4700.000000, -20.000000
2338.268590, 4750.000000, -20.000000
2424.871130, 4700.000000, 0.000000
2511.473671, 4750.000000, 0.000000
2598.076211, 4700.000000, 0.000000
2684.678751, 4750.000000, 0.000000
2771.281292, 4700.000000, 0.000000
2857.883832, 4750.000000, 0.000000
2944.486372, 4700.000000, 0.000000
3031.088913, 4750.000000, 0.000000
3117.691453, 4700.000000, -10.000000
3204.293993, 4750.000000, -10.000000
3290.896534, 4700.000000, 30.000000
3377.499074, 4750.000000, -20.000000
3464.101615, 4700.000000, -20.000000
3550.704155, 4750.000000, 40.000000
3637.306695, 4700.000000, 30.000000
3723.909236, 4750.000000, -20.000000
3810.511776, 4700.000000, 0.000000
3897.114316, 4750.000000, 0.000000
3983.716857, 4700.000000, 0.000000
4070.319397, 4750.000000, 0.000000
4156.921937, 4700.000000, 0.000000
866.025404, 4800.000000, 0.000000
952.627944, 4850.000000, 0.000000
1039.230484, 4800.000000, 0.000000
1125.833025, 4850.000000, 0.000000
1212.435565, 4800.000000, 0.000000
1299.038105, 4850.000000, 0.000000
1385.640646, 4800.000000, 0.000000
1472.243186, 4850.000000, 0.000000
1558.845727, 4800.000000, 0.000000
1645.448267, 4850.000000, 0.000000
1732.050807, 4800.000000, 30.000000
1818.653348, 4850.000000, 30.000000
1905.255888, 4800.000000, 30.000000
1991.858428, 4850.000000, 30.000000
2078.460969, 4800.000000, -20.000000
2165.063509, 4850.000000, -20.000000
2251.666049, 4800.000000, 0.000000
2338.268590, 4850.000000, 0.000000
2424.871130, 4800.000000, 0.000000
2511.473671, 4850.000000, 0.000000
2598.076211, 4800.000000, 0.000000
2684.678751, 4850.000000, 0.000000
2771.281292, 4800.000000, 0.000000
2857.883832, 4850.000000, 0.000000
2944.486372, 4800.000000, 0.000000
3031.088913, 4850.000000, 0.000000
3117.691453, 4800.000000, -10.000000
3204.293993, 4850.000000, -10.000000
3290.896534, 4800.000000, 40.000000
3377.499074, 4850.000000, 0.000000
3464.101615, 4800.000000, 0.000000
3550.704155, 4850.000000, -20.000000
3637.306695, 4800.000000, -20.000000
3723.909236, 4850.000000, -20.000000
3810.511776, 4800.000000, 20.000000
3897.114316, 4850.000000, 0.000000
3983.716857, 4800.000000, 10.000000
4070.319397, 4850.000000, 0.000000
4156.921937, 4800.000000, 0.000000
866.025404, 4900.000000, 0.000000
952.627944, 4950.000000, 0.000000
1039.230484, 4900.000000, 0.000000
1125.833025, 4950.000000, 0.000000
1212.435565, 4900.000000, 0.000000
1299.038105, 4950.000000, 0.000000
1385.640646, 4900.000000, 0.000000
1472.243186, 4950.000000, 0.000000
1558.845727, 4900.000000, 0.000000
1645.448267, 4950.000000, 0.000000
1732.050807, 4900.000000, 40.000000
1818.653348, 4950.000000, 40.000000
1905.255888, 4900.000000, 40.000000
1991.858428, 4950.000000, 40.000000
2078.460969, 4900.000000, -20.000000
2165.063509, 4950.000000, 40.000000
2251.666049, 4900.000000, 0.000000
2338.268590, 4950.000000, 0.000000
2424.871130, 4900.000000, 0.000000
2511.473671, 4950.000000, 0.000000
2598.076211, 4900.000000, 0.000000
2684.678751, 4950.000000, 0.000000
2771.281292, 4900.000000, 0.000000
2857.883832, 4950.000000, 0.000000
2944.486372, 4900.000000, 0.000000
3031.088913, 4950.000000, 0.000000
3117.691453, 4900.000000, -10.000000
3204.293993, 4950.000000, 40.000000
3290.896534, 4900.000000, 40.000000
3377.499074, 4950.000000, 0.000000
3464.101615, 4900.000000, 0.000000
3550.704155, 4950.000000, 0.000000
3637.306695, 4900.000000, 0.000000
3723.909236, 4950.000000, -20.000000
3810.511776, 4900.000000, -20.000000
3897.114316, 4950.000000, 20.000000
3983.716857, 4900.000000, -20.000000
4070.319397, 4950.000000, 10.000000
4156.921937, 4900.000000, 10.000000
866.025404, 5000.000000, 0.000000
952.627944, 5050.000000, 0.000000
1039.230484, 5000.000000, 0.000000
1125.833025, 5050.000000, 0.000000
1212.435565, 5000.000000, 0.000000
1299.038105, 5050.000000, 0.000000
1385.640646, 5000.000000, 0.000000
1472.243186, 5050.000000, 0.000000
1558.845727, 5000.000000, 0.000000
1645.448267, 5050.000000, 0.000000
1732.050807, 5000.000000, 50.000000
1818.653348, 5050.000000, 40.000000
1905.255888, 5000.000000, -20.000000
1991.858428, 5050.000000, -20.000000
2078.460969, 5000.000000, 0.000000
2165.063509, 5050.000000, 0.000000
2251.666049, 5000.000000, 0.000000
2338.268590, 5050.000000, 0.000000
2424.871130, 5000.000000, 0.000000
2511.473671, 5050.000000, 0.000000
2598.076211, 5000.000000, 0.000000
2684.678751, 5050.000000, 0.000000
2771.281292, 5000.000000, 0.000000
2857.883832, 5050.000000, 0.000000
2944.486372, 5000.000000, 0.000000
3031.088913, 5050.000000, 0.000000
3117.691453, 5000.000000, 0.000000
3204.293993, 5050.000000, 50.000000
3290.896534, 5000.000000, 30.000000
3377.499074, 5050.000000, 0.000000
3464.101615, 5000.000000, 0.000000
3550.704155, 5050.000000, 0.000000
3637.306695, 5000.000000, 0.000000
3723.909236, 5050.000000, 0.000000
3810.511776, 5000.000000, 0.000000
3897.114316, 5050.000000, -20.000000
3983.716857, 5000.000000, 0.000000
4070.319397, 5050.000000, -20.000000
4156.921937, 5000.000000, -20.000000
866.025404, 5100.000000, 0.000000
952.627944, 5150.000000, 0.000000
1039.230484, 5100.000000, 0.000000
1125.833025, 5150.000000, 0.000000
1212.435565, 5100.000000, 0.000000
1299.038105, 5150.000000, 0.000000
1385.640646, 5100.000000, 0.000000
1472.243186, 5150.000000, 0.000000
1558.845727, 5100.000000, 0.000000
1645.448267, 5150.000000, 0.000000
1732.050807, 5100.000000, 50.000000
1818.653348, 5150.000000, 50.000000
1905.255888, 5100.000000, -20.000000
1991.858428, 5150.000000, 50.000000
2078.460969, 5100.000000, 0.000000
2165.063509, 5150.000000, 0.000000
2251.666049, 5100.000000, 0.000000
2338.268590, 5150.000000, 0.000000
2424.871130, 5100.000000, 0.000000
2511.473671, 5150.000000, 0.000000
2598.076211, 5100.000000, 0.000000
2684.678751, 5150.000000, 0.000000
2771.281292, 5100.000000, 0.000000
2857.883832, 5150.000000, 0.000000
2944.486372, 5100.000000, 0.000000
3031.088913, 5150.000000, 0.000000
3117.691453, 5100.000000, 0.000000
3204.293993, 5150.000000, 40.000000
3290.896534, 5100.000000, 30.000000
3377.499074, 5150.000000, 30.000000
3464.101615, 5100.000000, 0.000000
3550.704155, 5150.000000, 0.000000
3637.306695, 5100.000000, 0.000000
3723.909236, 5150.000000, 0.000000
3810.511776, 5100.000000, 0.000000
3897.114316, 5150.000000, 0.000000
3983.716857, 5100.000000, 0.000000
4070.319397, 5150.000000, 0.000000
4156.921937, 5100.000000, 0.000000
866.025404, 5200.000000, 0.000000
952.627944, 5250.000000, 0.000000
1039.230484, 5200.000000, 0.000000
1125.833025, 5250.000000, 0.000000
1212.435565, 5200.000000, 0.000000
1299.038105, 5250.000000, 0.000000
1385.640646, 5200.000000, 0.000000
1472.243186, 5250.000000, 0.000000
1558.845727, 5200.000000, 50.000000
1645.448267, 5250.000000, 50.000000
1732.050807, 5200.000000, 50.000000
1818.653348, 5250.000000, 50.000000
1905.255888, 5200.000000, -20.000000
1991.858428, 5250.000000, 60.000000
2078.460969, 5200.000000, 0.000000
2165.063509, 5250.000000, 0.000000
2251.666049, 5200.000000, 0.000000
2338.268590, 5250.000000, 0.000000
2424.871130, 5200.000000, 0.000000
2511.473671, 5250.000000, 0.000000
2598.076211, 5200.000000, 0.000000
2684.678751, 5250.000000, 0.000000
2771.281292, 5200.000000, 0.000000
2857.883832, 5250.000000, 0.000000
2944.486372, 5200.000000, 0.000000
3031.088913, 5250.000000, 0.000000
3117.691453, 5200.000000, 0.000000
3204.293993, 5250.000000, 30.000000
3290.896534, 5200.000000, 30.000000
3377.499074, 5250.000000, 30.000000
3464.101615, 5200.000000, 0.000000
3550.704155, 5250.000000, 0.000000
3637.306695, 5200.000000, 0.000000
3723.909236, 5250.000000, 0.000000
3810.511776, 5200.000000, 0.000000
3897.114316, 5250.000000, 0.000000
3983.716857, 5200.000000, 0.000000
4070.319397, 5250.000000, 0.000000
4156.921937, 5200.000000, 0.000000
